"idGame","slugTeam","lineup","lineupStint","initialScoreTeam","initialScoreOpp","finalScoreTeam","finalScoreOpp","initialTime","finalTime","totalScoreTeam","totalScoreOpp","netScoreTeam","totalTime"
"41400101","ATL","Al Horford, DeMarre Carroll, Jeff Teague, Kyle Korver, Paul Millsap",0,0,0,15,9,0,335,15,9,6,335
"41400101","BKN","Brook Lopez, Deron Williams, Joe Johnson, Markel Brown, Thaddeus Young",0,0,0,9,15,0,335,9,15,-6,335
"41400101","ATL","DeMarre Carroll, Jeff Teague, Kyle Korver, Paul Millsap, Pero Antic",1,15,9,21,11,335,397,6,2,4,62
"41400101","BKN","Bojan Bogdanovic, Brook Lopez, Deron Williams, Joe Johnson, Thaddeus Young",1,9,15,13,24,335,486,4,9,-5,151
"41400101","ATL","DeMarre Carroll, Jeff Teague, Kent Bazemore, Paul Millsap, Pero Antic",2,21,11,24,13,397,479,3,2,1,82
"41400101","BKN","Bojan Bogdanovic, Brook Lopez, Jarrett Jack, Joe Johnson, Thaddeus Young",2,13,24,17,24,486,554,4,0,4,68
"41400101","ATL","DeMarre Carroll, Dennis Schroder, Kent Bazemore, Paul Millsap, Pero Antic",3,24,13,24,17,479,554,0,4,-4,75
"41400101","BKN","Bojan Bogdanovic, Brook Lopez, Earl Clark, Jarrett Jack, Joe Johnson",3,17,24,20,28,554,667,3,4,-1,113
"41400101","ATL","Al Horford, DeMarre Carroll, Dennis Schroder, Kent Bazemore, Pero Antic",4,24,17,26,17,554,592,2,0,2,38
"41400101","BKN","Alan Anderson, Bojan Bogdanovic, Brook Lopez, Earl Clark, Jarrett Jack",4,20,28,20,32,667,720,0,4,-4,53
"41400101","ATL","Al Horford, Dennis Schroder, Kent Bazemore, Kyle Korver, Pero Antic",5,26,17,28,20,592,667,2,3,-1,75
"41400101","BKN","Alan Anderson, Bojan Bogdanovic, Earl Clark, Jarrett Jack, Mason Plumlee",5,20,32,23,39,720,863,3,7,-4,143
"41400101","ATL","Al Horford, Dennis Schroder, Kyle Korver, Pero Antic, Shelvin Mack",6,28,20,39,23,667,863,11,3,8,196
"41400101","BKN","Alan Anderson, Deron Williams, Earl Clark, Jarrett Jack, Mason Plumlee",6,23,39,23,39,863,863,0,0,0,0
"41400101","ATL","Al Horford, Dennis Schroder, Kyle Korver, Mike Scott, Shelvin Mack",7,39,23,41,25,863,898,2,2,0,35
"41400101","BKN","Alan Anderson, Deron Williams, Jarrett Jack, Mason Plumlee, Thaddeus Young",7,23,39,25,41,863,898,2,2,0,35
"41400101","ATL","Al Horford, DeMarre Carroll, Dennis Schroder, Kyle Korver, Mike Scott",8,41,25,41,27,898,983,0,2,-2,85
"41400101","BKN","Alan Anderson, Deron Williams, Joe Johnson, Mason Plumlee, Thaddeus Young",8,25,41,27,41,898,983,2,0,2,85
"41400101","ATL","Al Horford, DeMarre Carroll, Jeff Teague, Kyle Korver, Mike Scott",9,41,27,43,29,983,1030,2,2,0,47
"41400101","BKN","Alan Anderson, Brook Lopez, Deron Williams, Joe Johnson, Thaddeus Young",9,27,41,36,46,983,1202,9,5,4,219
"41400101","ATL","DeMarre Carroll, Dennis Schroder, Jeff Teague, Kyle Korver, Mike Scott",10,43,29,43,29,1030,1030,0,0,0,0
"41400101","BKN","Bojan Bogdanovic, Brook Lopez, Deron Williams, Joe Johnson, Thaddeus Young",10,36,46,45,52,1202,1350,9,6,3,148
"41400101","ATL","DeMarre Carroll, Dennis Schroder, Jeff Teague, Mike Scott, Paul Millsap",11,43,29,43,29,1030,1073,0,0,0,43
"41400101","BKN","Bojan Bogdanovic, Deron Williams, Joe Johnson, Mason Plumlee, Thaddeus Young",11,45,52,45,55,1350,1383,0,3,-3,33
"41400101","ATL","DeMarre Carroll, Dennis Schroder, Jeff Teague, Paul Millsap, Pero Antic",12,43,29,46,36,1073,1202,3,7,-4,129
"41400101","BKN","Alan Anderson, Deron Williams, Joe Johnson, Mason Plumlee, Thaddeus Young",12,45,55,45,55,1383,1440,0,0,0,57
"41400101","ATL","DeMarre Carroll, Dennis Schroder, Jeff Teague, Kyle Korver, Paul Millsap",13,46,36,46,36,1202,1202,0,0,0,0
"41400101","BKN","Bojan Bogdanovic, Brook Lopez, Deron Williams, Joe Johnson, Thaddeus Young",13,45,55,56,70,1440,1952,11,15,-4,512
"41400101","ATL","Al Horford, DeMarre Carroll, Jeff Teague, Kyle Korver, Paul Millsap",14,46,36,52,44,1202,1336,6,8,-2,134
"41400101","BKN","Bojan Bogdanovic, Brook Lopez, Jarrett Jack, Joe Johnson, Thaddeus Young",14,56,70,62,74,1952,2160,6,4,2,208
"41400101","ATL","Al Horford, DeMarre Carroll, Jeff Teague, Kyle Korver, Pero Antic",15,52,44,55,45,1336,1372,3,1,2,36
"41400101","BKN","Alan Anderson, Earl Clark, Jarrett Jack, Joe Johnson, Mason Plumlee",15,62,74,70,84,2160,2348,8,10,-2,188
"41400101","ATL","Al Horford, DeMarre Carroll, Jeff Teague, Kent Bazemore, Pero Antic",16,55,45,55,45,1372,1383,0,0,0,11
"41400101","BKN","Alan Anderson, Bojan Bogdanovic, Earl Clark, Jarrett Jack, Mason Plumlee",16,70,84,70,84,2348,2348,0,0,0,0
"41400101","ATL","Al Horford, Jeff Teague, Kent Bazemore, Mike Scott, Pero Antic",17,55,45,55,45,1383,1383,0,0,0,0
"41400101","BKN","Alan Anderson, Bojan Bogdanovic, Jarrett Jack, Mason Plumlee, Thaddeus Young",17,70,84,75,84,2348,2487,5,0,5,139
"41400101","ATL","Al Horford, Jeff Teague, Kent Bazemore, Kyle Korver, Mike Scott",18,55,45,55,45,1383,1433,0,0,0,50
"41400101","BKN","Alan Anderson, Deron Williams, Jarrett Jack, Mason Plumlee, Thaddeus Young",18,75,84,75,84,2487,2487,0,0,0,0
"41400101","ATL","Al Horford, DeMarre Carroll, Jeff Teague, Kyle Korver, Mike Scott",19,55,45,55,45,1433,1440,0,0,0,7
"41400101","BKN","Deron Williams, Jarrett Jack, Joe Johnson, Mason Plumlee, Thaddeus Young",19,75,84,77,84,2487,2528,2,0,2,41
"41400101","ATL","Al Horford, DeMarre Carroll, Jeff Teague, Kyle Korver, Paul Millsap",20,55,45,62,54,1440,1794,7,9,-2,354
"41400101","BKN","Brook Lopez, Deron Williams, Jarrett Jack, Joe Johnson, Thaddeus Young",20,77,84,77,84,2528,2528,0,0,0,0
"41400101","ATL","Al Horford, DeMarre Carroll, Dennis Schroder, Kyle Korver, Paul Millsap",21,62,54,65,54,1794,1850,3,0,3,56
"41400101","BKN","Bojan Bogdanovic, Brook Lopez, Deron Williams, Joe Johnson, Thaddeus Young",21,77,84,92,97,2528,2867,15,13,2,339
"41400101","ATL","DeMarre Carroll, Dennis Schroder, Kyle Korver, Paul Millsap, Pero Antic",22,65,54,65,54,1850,1850,0,0,0,0
"41400101","BKN","Alan Anderson, Bojan Bogdanovic, Deron Williams, Joe Johnson, Thaddeus Young",22,92,97,92,99,2867,2869,0,2,-2,2
"41400101","ATL","DeMarre Carroll, Dennis Schroder, Kent Bazemore, Paul Millsap, Pero Antic",23,65,54,72,58,1850,2013,7,4,3,163
"41400101","BKN","Alan Anderson, Bojan Bogdanovic, Brook Lopez, Deron Williams, Joe Johnson",23,92,99,92,99,2869,2880,0,0,0,11
"41400101","ATL","Al Horford, DeMarre Carroll, Dennis Schroder, Kent Bazemore, Pero Antic",24,72,58,72,58,2013,2013,0,0,0,0
"41400101","ATL","Al Horford, Dennis Schroder, Kent Bazemore, Kyle Korver, Pero Antic",25,72,58,74,62,2013,2160,2,4,-2,147
"41400101","ATL","Al Horford, Dennis Schroder, Kent Bazemore, Kyle Korver, Mike Scott",26,74,62,77,64,2160,2230,3,2,1,70
"41400101","ATL","Dennis Schroder, Kent Bazemore, Kyle Korver, Mike Scott, Pero Antic",27,77,64,84,70,2230,2348,7,6,1,118
"41400101","ATL","Dennis Schroder, Kent Bazemore, Kyle Korver, Mike Scott, Paul Millsap",28,84,70,84,70,2348,2364,0,0,0,16
"41400101","ATL","Dennis Schroder, Jeff Teague, Kyle Korver, Mike Scott, Paul Millsap",29,84,70,84,77,2364,2528,0,7,-7,164
"41400101","ATL","Al Horford, Dennis Schroder, Jeff Teague, Kyle Korver, Paul Millsap",30,84,77,84,77,2528,2528,0,0,0,0
"41400101","ATL","Al Horford, DeMarre Carroll, Jeff Teague, Kyle Korver, Paul Millsap",31,84,77,86,77,2528,2564,2,0,2,36
"41400101","ATL","Al Horford, DeMarre Carroll, Jeff Teague, Kent Bazemore, Paul Millsap",32,86,77,88,83,2564,2671,2,6,-4,107
"41400101","ATL","Al Horford, DeMarre Carroll, Jeff Teague, Kyle Korver, Paul Millsap",33,88,83,93,83,2671,2706,5,0,5,35
"41400101","ATL","Al Horford, DeMarre Carroll, Dennis Schroder, Kyle Korver, Paul Millsap",34,93,83,93,87,2706,2757,0,4,-4,51
"41400101","ATL","Al Horford, DeMarre Carroll, Jeff Teague, Kyle Korver, Paul Millsap",35,93,87,97,92,2757,2854,4,5,-1,97
"41400101","ATL","Al Horford, DeMarre Carroll, Kent Bazemore, Kyle Korver, Paul Millsap",36,97,92,97,92,2854,2867,0,0,0,13
"41400101","ATL","Al Horford, DeMarre Carroll, Jeff Teague, Kyle Korver, Paul Millsap",37,97,92,99,92,2867,2880,2,0,2,13
"41400102","ATL","Al Horford, DeMarre Carroll, Jeff Teague, Kyle Korver, Paul Millsap",0,0,0,19,11,0,346,19,11,8,346
"41400102","BKN","Bojan Bogdanovic, Brook Lopez, Deron Williams, Joe Johnson, Thaddeus Young",0,0,0,11,19,0,346,11,19,-8,346
"41400102","ATL","DeMarre Carroll, Jeff Teague, Kyle Korver, Paul Millsap, Pero Antic",1,19,11,22,13,346,405,3,2,1,59
"41400102","BKN","Bojan Bogdanovic, Brook Lopez, Deron Williams, Joe Johnson, Mirza Teletovic",1,11,19,15,22,346,480,4,3,1,134
"41400102","ATL","DeMarre Carroll, Jeff Teague, Kent Bazemore, Paul Millsap, Pero Antic",2,22,13,22,15,405,480,0,2,-2,75
"41400102","BKN","Bojan Bogdanovic, Brook Lopez, Deron Williams, Joe Johnson, Thaddeus Young",2,15,22,15,22,480,553,0,0,0,73
"41400102","ATL","DeMarre Carroll, Dennis Schroder, Kent Bazemore, Paul Millsap, Pero Antic",3,22,15,22,15,480,553,0,0,0,73
"41400102","BKN","Alan Anderson, Brook Lopez, Deron Williams, Joe Johnson, Thaddeus Young",3,15,22,18,27,553,602,3,5,-2,49
"41400102","ATL","Al Horford, DeMarre Carroll, Dennis Schroder, Kent Bazemore, Paul Millsap",4,22,15,27,18,553,602,5,3,2,49
"41400102","BKN","Alan Anderson, Brook Lopez, Jarrett Jack, Joe Johnson, Thaddeus Young",4,18,27,18,27,602,602,0,0,0,0
"41400102","ATL","Al Horford, DeMarre Carroll, Dennis Schroder, Kent Bazemore, Mike Scott",5,27,18,27,18,602,608,0,0,0,6
"41400102","BKN","Alan Anderson, Brook Lopez, Jarrett Jack, Joe Johnson, Mason Plumlee",5,18,27,24,29,602,720,6,2,4,118
"41400102","ATL","Al Horford, Dennis Schroder, Kent Bazemore, Kyle Korver, Mike Scott",6,27,18,32,26,608,779,5,8,-3,171
"41400102","BKN","Alan Anderson, Bojan Bogdanovic, Brook Lopez, Jarrett Jack, Mason Plumlee",6,24,29,30,34,720,864,6,5,1,144
"41400102","ATL","Al Horford, Dennis Schroder, Kyle Korver, Mike Scott, Shelvin Mack",7,32,26,36,33,779,915,4,7,-3,136
"41400102","BKN","Alan Anderson, Bojan Bogdanovic, Jarrett Jack, Mason Plumlee, Thaddeus Young",7,30,34,40,36,864,1077,10,2,8,213
"41400102","ATL","Al Horford, Jeff Teague, Kyle Korver, Mike Scott, Shelvin Mack",8,36,33,36,40,915,1077,0,7,-7,162
"41400102","BKN","Alan Anderson, Bojan Bogdanovic, Jarrett Jack, Joe Johnson, Mason Plumlee",8,40,36,42,38,1077,1193,2,2,0,116
"41400102","ATL","Jeff Teague, Kyle Korver, Mike Scott, Paul Millsap, Shelvin Mack",9,36,40,36,40,1077,1077,0,0,0,0
"41400102","BKN","Alan Anderson, Bojan Bogdanovic, Brook Lopez, Jarrett Jack, Joe Johnson",9,42,38,45,43,1193,1275,3,5,-2,82
"41400102","ATL","Jeff Teague, Mike Scott, Paul Millsap, Pero Antic, Shelvin Mack",10,36,40,36,40,1077,1077,0,0,0,0
"41400102","BKN","Alan Anderson, Bojan Bogdanovic, Brook Lopez, Deron Williams, Joe Johnson",10,45,43,45,48,1275,1372,0,5,-5,97
"41400102","ATL","DeMarre Carroll, Jeff Teague, Paul Millsap, Pero Antic, Shelvin Mack",11,36,40,38,42,1077,1193,2,2,0,116
"41400102","BKN","Alan Anderson, Bojan Bogdanovic, Brook Lopez, Jarrett Jack, Joe Johnson",11,45,48,45,48,1372,1372,0,0,0,0
"41400102","ATL","DeMarre Carroll, Jeff Teague, Kyle Korver, Paul Millsap, Pero Antic",12,38,42,40,43,1193,1236,2,1,1,43
"41400102","BKN","Bojan Bogdanovic, Brook Lopez, Jarrett Jack, Joe Johnson, Thaddeus Young",12,45,48,47,50,1372,1440,2,2,0,68
"41400102","ATL","Al Horford, DeMarre Carroll, Jeff Teague, Kyle Korver, Paul Millsap",13,40,43,60,59,1236,1849,20,16,4,613
"41400102","BKN","Bojan Bogdanovic, Brook Lopez, Deron Williams, Joe Johnson, Thaddeus Young",13,47,50,61,64,1440,1907,14,14,0,467
"41400102","ATL","DeMarre Carroll, Jeff Teague, Kyle Korver, Paul Millsap, Pero Antic",14,60,59,60,59,1849,1849,0,0,0,0
"41400102","BKN","Alan Anderson, Brook Lopez, Deron Williams, Joe Johnson, Thaddeus Young",14,61,64,61,64,1907,1907,0,0,0,0
"41400102","ATL","DeMarre Carroll, Jeff Teague, Kent Bazemore, Paul Millsap, Pero Antic",15,60,59,64,61,1849,1907,4,2,2,58
"41400102","BKN","Alan Anderson, Brook Lopez, Jarrett Jack, Joe Johnson, Thaddeus Young",15,61,64,61,64,1907,1959,0,0,0,52
"41400102","ATL","DeMarre Carroll, Dennis Schroder, Kent Bazemore, Paul Millsap, Pero Antic",16,64,61,66,61,1907,1980,2,0,2,73
"41400102","BKN","Alan Anderson, Brook Lopez, Jarrett Jack, Joe Johnson, Mason Plumlee",16,61,64,61,66,1959,1982,0,2,-2,23
"41400102","ATL","DeMarre Carroll, Dennis Schroder, Elton Brand, Kent Bazemore, Paul Millsap",17,66,61,66,61,1980,1982,0,0,0,2
"41400102","BKN","Alan Anderson, Jarrett Jack, Joe Johnson, Mason Plumlee, Mirza Teletovic",17,61,66,61,68,1982,1996,0,2,-2,14
"41400102","ATL","DeMarre Carroll, Dennis Schroder, Kent Bazemore, Paul Millsap, Pero Antic",18,66,61,68,61,1982,1996,2,0,2,14
"41400102","BKN","Alan Anderson, Brook Lopez, Jarrett Jack, Joe Johnson, Mirza Teletovic",18,61,68,63,68,1996,2007,2,0,2,11
"41400102","ATL","DeMarre Carroll, Dennis Schroder, Elton Brand, Kent Bazemore, Pero Antic",19,68,61,68,63,1996,2007,0,2,-2,11
"41400102","BKN","Alan Anderson, Jarrett Jack, Joe Johnson, Mason Plumlee, Mirza Teletovic",19,63,68,65,73,2007,2078,2,5,-3,71
"41400102","ATL","DeMarre Carroll, Dennis Schroder, Kent Bazemore, Mike Scott, Pero Antic",20,68,63,73,65,2007,2078,5,2,3,71
"41400102","BKN","Alan Anderson, Brook Lopez, Jarrett Jack, Joe Johnson, Mirza Teletovic",20,65,73,65,73,2078,2078,0,0,0,0
"41400102","ATL","Dennis Schroder, Kent Bazemore, Kyle Korver, Mike Scott, Pero Antic",21,73,65,73,65,2078,2078,0,0,0,0
"41400102","BKN","Alan Anderson, Bojan Bogdanovic, Brook Lopez, Jarrett Jack, Joe Johnson",21,65,73,71,79,2078,2358,6,6,0,280
"41400102","ATL","Al Horford, Dennis Schroder, Kent Bazemore, Kyle Korver, Pero Antic",22,73,65,75,67,2078,2160,2,2,0,82
"41400102","BKN","Alan Anderson, Bojan Bogdanovic, Deron Williams, Jarrett Jack, Joe Johnson",22,71,79,71,79,2358,2358,0,0,0,0
"41400102","ATL","Al Horford, Dennis Schroder, Kent Bazemore, Kyle Korver, Mike Scott",23,75,67,79,71,2160,2358,4,4,0,198
"41400102","BKN","Alan Anderson, Deron Williams, Jarrett Jack, Joe Johnson, Mason Plumlee",23,71,79,73,84,2358,2457,2,5,-3,99
"41400102","ATL","Al Horford, Dennis Schroder, Kent Bazemore, Kyle Korver, Paul Millsap",24,79,71,84,73,2358,2457,5,2,3,99
"41400102","BKN","Alan Anderson, Brook Lopez, Deron Williams, Jarrett Jack, Mason Plumlee",24,73,84,73,84,2457,2457,0,0,0,0
"41400102","ATL","Al Horford, DeMarre Carroll, Dennis Schroder, Kent Bazemore, Paul Millsap",25,84,73,84,73,2457,2457,0,0,0,0
"41400102","BKN","Alan Anderson, Brook Lopez, Deron Williams, Jarrett Jack, Thaddeus Young",25,73,84,81,88,2457,2614,8,4,4,157
"41400102","ATL","Al Horford, DeMarre Carroll, Dennis Schroder, Jeff Teague, Paul Millsap",26,84,73,88,81,2457,2614,4,8,-4,157
"41400102","BKN","Alan Anderson, Brook Lopez, Deron Williams, Jarrett Jack, Joe Johnson",26,81,88,91,96,2614,2880,10,8,2,266
"41400102","ATL","DeMarre Carroll, Dennis Schroder, Jeff Teague, Paul Millsap, Pero Antic",27,88,81,88,81,2614,2614,0,0,0,0
"41400102","ATL","DeMarre Carroll, Jeff Teague, Kyle Korver, Paul Millsap, Pero Antic",28,88,81,90,86,2614,2721,2,5,-3,107
"41400102","ATL","Al Horford, DeMarre Carroll, Jeff Teague, Kyle Korver, Paul Millsap",29,90,86,93,91,2721,2852,3,5,-2,131
"41400102","ATL","Al Horford, DeMarre Carroll, Kent Bazemore, Kyle Korver, Paul Millsap",30,93,91,96,91,2852,2880,3,0,3,28
"41400103","ATL","Al Horford, DeMarre Carroll, Jeff Teague, Kyle Korver, Paul Millsap",0,0,0,5,16,0,395,5,16,-11,395
"41400103","BKN","Bojan Bogdanovic, Brook Lopez, Deron Williams, Joe Johnson, Thaddeus Young",0,0,0,19,14,0,521,19,14,5,521
"41400103","ATL","DeMarre Carroll, Jeff Teague, Kyle Korver, Paul Millsap, Pero Antic",1,5,16,8,16,395,436,3,0,3,41
"41400103","BKN","Alan Anderson, Bojan Bogdanovic, Brook Lopez, Deron Williams, Thaddeus Young",1,19,14,22,16,521,552,3,2,1,31
"41400103","ATL","DeMarre Carroll, Jeff Teague, Kent Bazemore, Paul Millsap, Pero Antic",2,8,16,14,19,436,521,6,3,3,85
"41400103","BKN","Alan Anderson, Brook Lopez, Deron Williams, Jarrett Jack, Thaddeus Young",2,22,16,31,16,552,720,9,0,9,168
"41400103","ATL","DeMarre Carroll, Dennis Schroder, Kent Bazemore, Paul Millsap, Pero Antic",3,14,19,14,19,521,521,0,0,0,0
"41400103","BKN","Alan Anderson, Jarrett Jack, Joe Johnson, Mason Plumlee, Mirza Teletovic",3,31,16,33,25,720,945,2,9,-7,225
"41400103","ATL","Dennis Schroder, Kent Bazemore, Kyle Korver, Paul Millsap, Pero Antic",4,14,19,16,25,521,609,2,6,-4,88
"41400103","BKN","Alan Anderson, Brook Lopez, Jarrett Jack, Joe Johnson, Mirza Teletovic",4,33,25,33,25,945,945,0,0,0,0
"41400103","ATL","Al Horford, Dennis Schroder, Kent Bazemore, Kyle Korver, Pero Antic",5,16,25,16,31,609,720,0,6,-6,111
"41400103","BKN","Alan Anderson, Brook Lopez, Jarrett Jack, Joe Johnson, Thaddeus Young",5,33,25,33,25,945,966,0,0,0,21
"41400103","ATL","Al Horford, Dennis Schroder, Kent Bazemore, Kyle Korver, Mike Scott",6,16,31,21,33,720,875,5,2,3,155
"41400103","BKN","Brook Lopez, Deron Williams, Jarrett Jack, Joe Johnson, Thaddeus Young",6,33,25,39,28,966,1097,6,3,3,131
"41400103","ATL","Al Horford, DeMarre Carroll, Dennis Schroder, Kyle Korver, Mike Scott",7,21,33,25,33,875,966,4,0,4,91
"41400103","BKN","Bojan Bogdanovic, Brook Lopez, Deron Williams, Joe Johnson, Thaddeus Young",7,39,28,43,38,1097,1316,4,10,-6,219
"41400103","ATL","Al Horford, DeMarre Carroll, Dennis Schroder, Jeff Teague, Mike Scott",8,25,33,28,39,966,1097,3,6,-3,131
"41400103","BKN","Alan Anderson, Brook Lopez, Deron Williams, Joe Johnson, Thaddeus Young",8,43,38,43,38,1316,1328,0,0,0,12
"41400103","ATL","Al Horford, DeMarre Carroll, Dennis Schroder, Jeff Teague, Pero Antic",9,28,39,28,39,1097,1097,0,0,0,0
"41400103","BKN","Alan Anderson, Brook Lopez, Jarrett Jack, Joe Johnson, Thaddeus Young",9,43,38,47,40,1328,1414,4,2,2,86
"41400103","ATL","DeMarre Carroll, Dennis Schroder, Jeff Teague, Paul Millsap, Pero Antic",10,28,39,35,43,1097,1263,7,4,3,166
"41400103","BKN","Alan Anderson, Jarrett Jack, Joe Johnson, Mason Plumlee, Thaddeus Young",10,47,40,47,40,1414,1436,0,0,0,22
"41400103","ATL","DeMarre Carroll, Jeff Teague, Kyle Korver, Paul Millsap, Pero Antic",11,35,43,35,43,1263,1263,0,0,0,0
"41400103","BKN","Alan Anderson, Brook Lopez, Jarrett Jack, Joe Johnson, Thaddeus Young",11,47,40,47,40,1436,1436,0,0,0,0
"41400103","ATL","Al Horford, DeMarre Carroll, Jeff Teague, Kyle Korver, Paul Millsap",12,35,43,38,43,1263,1328,3,0,3,65
"41400103","BKN","Alan Anderson, Bojan Bogdanovic, Brook Lopez, Jarrett Jack, Joe Johnson",12,47,40,47,40,1436,1440,0,0,0,4
"41400103","ATL","Al Horford, Jeff Teague, Kent Bazemore, Kyle Korver, Paul Millsap",13,38,43,40,45,1328,1397,2,2,0,69
"41400103","BKN","Bojan Bogdanovic, Brook Lopez, Deron Williams, Joe Johnson, Thaddeus Young",13,47,40,54,51,1440,1745,7,11,-4,305
"41400103","ATL","Al Horford, Dennis Schroder, Kent Bazemore, Kyle Korver, Paul Millsap",14,40,45,40,45,1397,1397,0,0,0,0
"41400103","BKN","Alan Anderson, Bojan Bogdanovic, Brook Lopez, Deron Williams, Thaddeus Young",14,54,51,58,56,1745,1885,4,5,-1,140
"41400103","ATL","Al Horford, Dennis Schroder, Kent Bazemore, Paul Millsap, Shelvin Mack",15,40,45,40,47,1397,1414,0,2,-2,17
"41400103","BKN","Alan Anderson, Brook Lopez, Deron Williams, Joe Johnson, Thaddeus Young",15,58,56,58,60,1885,1920,0,4,-4,35
"41400103","ATL","Al Horford, Dennis Schroder, Kent Bazemore, Kyle Korver, Paul Millsap",16,40,47,40,47,1414,1436,0,0,0,22
"41400103","BKN","Alan Anderson, Brook Lopez, Jarrett Jack, Joe Johnson, Thaddeus Young",16,58,60,58,60,1920,1975,0,0,0,55
"41400103","ATL","Al Horford, Dennis Schroder, Kent Bazemore, Paul Millsap, Pero Antic",17,40,47,40,47,1436,1440,0,0,0,4
"41400103","BKN","Bojan Bogdanovic, Brook Lopez, Jarrett Jack, Joe Johnson, Thaddeus Young",17,58,60,74,62,1975,2301,16,2,14,326
"41400103","ATL","Al Horford, DeMarre Carroll, Jeff Teague, Kyle Korver, Paul Millsap",18,40,47,51,54,1440,1745,11,7,4,305
"41400103","BKN","Alan Anderson, Bojan Bogdanovic, Brook Lopez, Jarrett Jack, Joe Johnson",18,74,62,76,66,2301,2482,2,4,-2,181
"41400103","ATL","Al Horford, Jeff Teague, Kent Bazemore, Kyle Korver, Paul Millsap",19,51,54,54,58,1745,1811,3,4,-1,66
"41400103","BKN","Alan Anderson, Brook Lopez, Jarrett Jack, Joe Johnson, Thaddeus Young",19,76,66,78,68,2482,2565,2,2,0,83
"41400103","ATL","Al Horford, DeMarre Carroll, Jeff Teague, Kent Bazemore, Paul Millsap",20,54,58,54,58,1811,1811,0,0,0,0
"41400103","BKN","Alan Anderson, Jarrett Jack, Joe Johnson, Mason Plumlee, Thaddeus Young",20,78,68,78,69,2565,2571,0,1,-1,6
"41400103","ATL","DeMarre Carroll, Jeff Teague, Kent Bazemore, Paul Millsap, Pero Antic",21,54,58,56,58,1811,1885,2,0,2,74
"41400103","BKN","Alan Anderson, Bojan Bogdanovic, Jarrett Jack, Joe Johnson, Thaddeus Young",21,78,69,81,70,2571,2609,3,1,2,38
"41400103","ATL","DeMarre Carroll, Dennis Schroder, Kent Bazemore, Paul Millsap, Pero Antic",22,56,58,62,58,1885,1982,6,0,6,97
"41400103","BKN","Bojan Bogdanovic, Brook Lopez, Jarrett Jack, Joe Johnson, Thaddeus Young",22,81,70,87,75,2609,2788,6,5,1,179
"41400103","ATL","Dennis Schroder, Kent Bazemore, Kyle Korver, Paul Millsap, Pero Antic",23,62,58,62,67,1982,2160,0,9,-9,178
"41400103","BKN","Alan Anderson, Bojan Bogdanovic, Jarrett Jack, Joe Johnson, Thaddeus Young",23,87,75,91,83,2788,2880,4,8,-4,92
"41400103","ATL","Al Horford, DeMarre Carroll, Dennis Schroder, Kyle Korver, Mike Scott",24,62,67,62,74,2160,2301,0,7,-7,141
"41400103","ATL","Al Horford, Dennis Schroder, Kent Bazemore, Kyle Korver, Mike Scott",25,62,74,66,76,2301,2482,4,2,2,181
"41400103","ATL","Al Horford, DeMarre Carroll, Dennis Schroder, Kyle Korver, Mike Scott",26,66,76,66,76,2482,2482,0,0,0,0
"41400103","ATL","Al Horford, DeMarre Carroll, Jeff Teague, Kyle Korver, Mike Scott",27,66,76,66,76,2482,2482,0,0,0,0
"41400103","ATL","Al Horford, DeMarre Carroll, Jeff Teague, Kyle Korver, Paul Millsap",28,66,76,68,78,2482,2565,2,2,0,83
"41400103","ATL","DeMarre Carroll, Jeff Teague, Kyle Korver, Paul Millsap, Pero Antic",29,68,78,83,91,2565,2880,15,13,2,315
"41400104","ATL","Al Horford, DeMarre Carroll, Jeff Teague, Kyle Korver, Paul Millsap",0,0,0,18,14,0,434,18,14,4,434
"41400104","BKN","Bojan Bogdanovic, Brook Lopez, Deron Williams, Joe Johnson, Thaddeus Young",0,0,0,16,21,0,537,16,21,-5,537
"41400104","ATL","DeMarre Carroll, Jeff Teague, Kyle Korver, Paul Millsap, Pero Antic",1,18,14,18,14,434,434,0,0,0,0
"41400104","BKN","Brook Lopez, Deron Williams, Jarrett Jack, Joe Johnson, Thaddeus Young",1,16,21,21,24,537,620,5,3,2,83
"41400104","ATL","DeMarre Carroll, Jeff Teague, Kent Bazemore, Paul Millsap, Pero Antic",2,18,14,21,14,434,501,3,0,3,67
"41400104","BKN","Alan Anderson, Brook Lopez, Deron Williams, Jarrett Jack, Thaddeus Young",2,21,24,25,24,620,718,4,0,4,98
"41400104","ATL","DeMarre Carroll, Dennis Schroder, Kent Bazemore, Paul Millsap, Pero Antic",3,21,14,24,21,501,620,3,7,-4,119
"41400104","BKN","Alan Anderson, Deron Williams, Jarrett Jack, Mason Plumlee, Thaddeus Young",3,25,24,25,24,718,720,0,0,0,2
"41400104","ATL","Dennis Schroder, Kent Bazemore, Kyle Korver, Paul Millsap, Pero Antic",4,24,21,24,21,620,620,0,0,0,0
"41400104","BKN","Alan Anderson, Deron Williams, Jarrett Jack, Joe Johnson, Mason Plumlee",4,25,24,27,24,720,737,2,0,2,17
"41400104","ATL","Al Horford, Dennis Schroder, Kent Bazemore, Kyle Korver, Pero Antic",5,24,21,24,32,620,805,0,11,-11,185
"41400104","BKN","Alan Anderson, Bojan Bogdanovic, Jarrett Jack, Joe Johnson, Mason Plumlee",5,27,24,32,31,737,931,5,7,-2,194
"41400104","ATL","Al Horford, Dennis Schroder, Kent Bazemore, Kyle Korver, Mike Scott",6,24,32,24,32,805,805,0,0,0,0
"41400104","BKN","Alan Anderson, Bojan Bogdanovic, Brook Lopez, Jarrett Jack, Joe Johnson",6,32,31,32,31,931,931,0,0,0,0
"41400104","ATL","Dennis Schroder, Kent Bazemore, Kyle Korver, Mike Scott, Paul Millsap",7,24,32,33,34,805,987,9,2,7,182
"41400104","BKN","Alan Anderson, Brook Lopez, Deron Williams, Jarrett Jack, Joe Johnson",7,32,31,39,37,931,1103,7,6,1,172
"41400104","ATL","DeMarre Carroll, Dennis Schroder, Kent Bazemore, Mike Scott, Paul Millsap",8,33,34,35,39,987,1034,2,5,-3,47
"41400104","BKN","Brook Lopez, Deron Williams, Jarrett Jack, Joe Johnson, Thaddeus Young",8,39,37,43,46,1103,1276,4,9,-5,173
"41400104","ATL","DeMarre Carroll, Jeff Teague, Kent Bazemore, Mike Scott, Paul Millsap",9,35,39,37,39,1034,1103,2,0,2,69
"41400104","BKN","Bojan Bogdanovic, Brook Lopez, Deron Williams, Joe Johnson, Thaddeus Young",9,43,46,64,76,1276,1922,21,30,-9,646
"41400104","ATL","Al Horford, DeMarre Carroll, Jeff Teague, Mike Scott, Paul Millsap",10,37,39,37,39,1103,1103,0,0,0,0
"41400104","BKN","Bojan Bogdanovic, Brook Lopez, Jarrett Jack, Joe Johnson, Thaddeus Young",10,64,76,64,76,1922,1950,0,0,0,28
"41400104","ATL","Al Horford, DeMarre Carroll, Jeff Teague, Kyle Korver, Mike Scott",11,37,39,46,43,1103,1276,9,4,5,173
"41400104","BKN","Alan Anderson, Bojan Bogdanovic, Brook Lopez, Jarrett Jack, Joe Johnson",11,64,76,71,80,1950,2074,7,4,3,124
"41400104","ATL","Al Horford, DeMarre Carroll, Jeff Teague, Kyle Korver, Paul Millsap",12,46,43,76,64,1276,1922,30,21,9,646
"41400104","BKN","Alan Anderson, Bojan Bogdanovic, Jarrett Jack, Joe Johnson, Mason Plumlee",12,71,80,72,80,2074,2092,1,0,1,18
"41400104","ATL","Al Horford, DeMarre Carroll, Jeff Teague, Kent Bazemore, Paul Millsap",13,76,64,76,64,1922,1922,0,0,0,0
"41400104","BKN","Alan Anderson, Bojan Bogdanovic, Jarrett Jack, Joe Johnson, Thaddeus Young",13,72,80,74,82,2092,2160,2,2,0,68
"41400104","ATL","DeMarre Carroll, Jeff Teague, Kent Bazemore, Paul Millsap, Pero Antic",14,76,64,76,69,1922,1973,0,5,-5,51
"41400104","BKN","Alan Anderson, Bojan Bogdanovic, Deron Williams, Jarrett Jack, Thaddeus Young",14,74,82,87,88,2160,2413,13,6,7,253
"41400104","ATL","DeMarre Carroll, Dennis Schroder, Kent Bazemore, Paul Millsap, Pero Antic",15,76,69,80,71,1973,2074,4,2,2,101
"41400104","BKN","Alan Anderson, Bojan Bogdanovic, Brook Lopez, Deron Williams, Jarrett Jack",15,87,88,94,89,2413,2503,7,1,6,90
"41400104","ATL","Dennis Schroder, Kent Bazemore, Kyle Korver, Paul Millsap, Pero Antic",16,80,71,80,71,2074,2074,0,0,0,0
"41400104","BKN","Alan Anderson, Bojan Bogdanovic, Brook Lopez, Deron Williams, Joe Johnson",16,94,89,99,101,2503,2742,5,12,-7,239
"41400104","ATL","Al Horford, Dennis Schroder, Kent Bazemore, Kyle Korver, Paul Millsap",17,80,71,80,71,2074,2074,0,0,0,0
"41400104","BKN","Bojan Bogdanovic, Brook Lopez, Deron Williams, Joe Johnson, Thaddeus Young",17,99,101,104,102,2742,2856,5,1,4,114
"41400104","ATL","Al Horford, Dennis Schroder, Kent Bazemore, Kyle Korver, Mike Scott",18,80,71,80,72,2074,2092,0,1,-1,18
"41400104","BKN","Alan Anderson, Bojan Bogdanovic, Deron Williams, Joe Johnson, Thaddeus Young",18,104,102,104,104,2856,2864,0,2,-2,8
"41400104","ATL","Dennis Schroder, Kent Bazemore, Kyle Korver, Mike Scott, Paul Millsap",19,80,72,85,79,2092,2264,5,7,-2,172
"41400104","BKN","Bojan Bogdanovic, Deron Williams, Jarrett Jack, Joe Johnson, Thaddeus Young",19,104,104,104,104,2864,2864,0,0,0,0
"41400104","ATL","DeMarre Carroll, Dennis Schroder, Kyle Korver, Mike Scott, Paul Millsap",20,85,79,85,82,2264,2288,0,3,-3,24
"41400104","BKN","Bojan Bogdanovic, Brook Lopez, Deron Williams, Jarrett Jack, Joe Johnson",20,104,104,104,104,2864,2874,0,0,0,10
"41400104","ATL","Al Horford, DeMarre Carroll, Dennis Schroder, Kyle Korver, Paul Millsap",21,85,82,85,82,2288,2288,0,0,0,0
"41400104","BKN","Alan Anderson, Bojan Bogdanovic, Brook Lopez, Deron Williams, Joe Johnson",21,104,104,104,104,2874,2874,0,0,0,0
"41400104","ATL","Al Horford, DeMarre Carroll, Jeff Teague, Kyle Korver, Paul Millsap",22,85,82,89,94,2288,2503,4,12,-8,215
"41400104","BKN","Alan Anderson, Bojan Bogdanovic, Deron Williams, Joe Johnson, Thaddeus Young",22,104,104,104,104,2874,2880,0,0,0,6
"41400104","ATL","DeMarre Carroll, Jeff Teague, Kyle Korver, Paul Millsap, Pero Antic",23,89,94,102,104,2503,2805,13,10,3,302
"41400104","BKN","Bojan Bogdanovic, Brook Lopez, Deron Williams, Joe Johnson, Thaddeus Young",23,104,104,116,113,2880,3126,12,9,3,246
"41400104","ATL","Al Horford, DeMarre Carroll, Jeff Teague, Kyle Korver, Paul Millsap",24,102,104,104,104,2805,2864,2,0,2,59
"41400104","BKN","Alan Anderson, Bojan Bogdanovic, Deron Williams, Joe Johnson, Thaddeus Young",24,116,113,120,115,3126,3180,4,2,2,54
"41400104","ATL","Al Horford, DeMarre Carroll, Kent Bazemore, Kyle Korver, Paul Millsap",25,104,104,104,104,2864,2874,0,0,0,10
"41400104","ATL","Al Horford, DeMarre Carroll, Jeff Teague, Kyle Korver, Paul Millsap",26,104,104,104,104,2874,2880,0,0,0,6
"41400104","ATL","DeMarre Carroll, Jeff Teague, Kyle Korver, Paul Millsap, Pero Antic",27,104,104,111,111,2880,3053,7,7,0,173
"41400104","ATL","Al Horford, DeMarre Carroll, Jeff Teague, Kyle Korver, Paul Millsap",28,111,111,115,120,3053,3180,4,9,-5,127
"41400105","ATL","Al Horford, DeMarre Carroll, Jeff Teague, Kyle Korver, Paul Millsap",0,0,0,16,8,0,387,16,8,8,387
"41400105","BKN","Bojan Bogdanovic, Brook Lopez, Deron Williams, Joe Johnson, Thaddeus Young",0,0,0,8,21,0,446,8,21,-13,446
"41400105","ATL","DeMarre Carroll, Jeff Teague, Kyle Korver, Paul Millsap, Pero Antic",1,16,8,16,8,387,387,0,0,0,0
"41400105","BKN","Alan Anderson, Brook Lopez, Deron Williams, Joe Johnson, Thaddeus Young",1,8,21,10,21,446,505,2,0,2,59
"41400105","ATL","DeMarre Carroll, Jeff Teague, Kent Bazemore, Paul Millsap, Pero Antic",2,16,8,21,10,387,505,5,2,3,118
"41400105","BKN","Alan Anderson, Brook Lopez, Deron Williams, Jarrett Jack, Thaddeus Young",2,10,21,16,27,505,671,6,6,0,166
"41400105","ATL","DeMarre Carroll, Dennis Schroder, Kent Bazemore, Paul Millsap, Pero Antic",3,21,10,27,16,505,671,6,6,0,166
"41400105","BKN","Alan Anderson, Deron Williams, Jarrett Jack, Mason Plumlee, Thaddeus Young",3,16,27,16,33,671,720,0,6,-6,49
"41400105","ATL","Dennis Schroder, Kent Bazemore, Kyle Korver, Paul Millsap, Pero Antic",4,27,16,27,16,671,671,0,0,0,0
"41400105","BKN","Alan Anderson, Bojan Bogdanovic, Jarrett Jack, Joe Johnson, Mason Plumlee",4,16,33,30,42,720,1086,14,9,5,366
"41400105","ATL","Al Horford, Dennis Schroder, Kent Bazemore, Kyle Korver, Pero Antic",5,27,16,30,16,671,717,3,0,3,46
"41400105","BKN","Alan Anderson, Deron Williams, Jarrett Jack, Joe Johnson, Mason Plumlee",5,30,42,30,42,1086,1086,0,0,0,0
"41400105","ATL","Al Horford, DeMarre Carroll, Dennis Schroder, Kyle Korver, Pero Antic",6,30,16,33,16,717,720,3,0,3,3
"41400105","BKN","Alan Anderson, Brook Lopez, Deron Williams, Jarrett Jack, Joe Johnson",6,30,42,38,46,1086,1276,8,4,4,190
"41400105","ATL","Al Horford, Dennis Schroder, Kent Bazemore, Kyle Korver, Pero Antic",7,33,16,33,18,720,814,0,2,-2,94
"41400105","BKN","Alan Anderson, Brook Lopez, Jarrett Jack, Joe Johnson, Thaddeus Young",7,38,46,42,53,1276,1424,4,7,-3,148
"41400105","ATL","Al Horford, Dennis Schroder, Kent Bazemore, Kyle Korver, Mike Scott",8,33,18,33,21,814,853,0,3,-3,39
"41400105","BKN","Alan Anderson, Bojan Bogdanovic, Brook Lopez, Jarrett Jack, Joe Johnson",8,42,53,44,53,1424,1427,2,0,2,3
"41400105","ATL","Al Horford, Dennis Schroder, Kyle Korver, Mike Scott, Shelvin Mack",9,33,21,33,24,853,882,0,3,-3,29
"41400105","BKN","Alan Anderson, Bojan Bogdanovic, Jarrett Jack, Joe Johnson, Mason Plumlee",9,44,53,44,53,1427,1440,0,0,0,13
"41400105","ATL","Al Horford, Jeff Teague, Kyle Korver, Mike Scott, Shelvin Mack",10,33,24,33,24,882,882,0,0,0,0
"41400105","BKN","Alan Anderson, Brook Lopez, Deron Williams, Joe Johnson, Thaddeus Young",10,44,53,61,73,1440,1915,17,20,-3,475
"41400105","ATL","Al Horford, DeMarre Carroll, Jeff Teague, Kyle Korver, Mike Scott",11,33,24,33,27,882,943,0,3,-3,61
"41400105","BKN","Alan Anderson, Brook Lopez, Jarrett Jack, Joe Johnson, Thaddeus Young",11,61,73,61,73,1915,1915,0,0,0,0
"41400105","ATL","Al Horford, DeMarre Carroll, Jeff Teague, Kyle Korver, Paul Millsap",12,33,27,42,30,943,1086,9,3,6,143
"41400105","BKN","Alan Anderson, Bojan Bogdanovic, Brook Lopez, Jarrett Jack, Thaddeus Young",12,61,73,61,73,1915,1934,0,0,0,19
"41400105","ATL","DeMarre Carroll, Jeff Teague, Kyle Korver, Paul Millsap, Pero Antic",13,42,30,42,30,1086,1086,0,0,0,0
"41400105","BKN","Alan Anderson, Bojan Bogdanovic, Brook Lopez, Jarrett Jack, Joe Johnson",13,61,73,64,74,1934,1968,3,1,2,34
"41400105","ATL","DeMarre Carroll, Jeff Teague, Kent Bazemore, Paul Millsap, Pero Antic",14,42,30,42,34,1086,1130,0,4,-4,44
"41400105","BKN","Alan Anderson, Bojan Bogdanovic, Jarrett Jack, Joe Johnson, Thaddeus Young",14,64,74,68,80,1968,2089,4,6,-2,121
"41400105","ATL","DeMarre Carroll, Jeff Teague, Kyle Korver, Paul Millsap, Pero Antic",15,42,34,46,38,1130,1276,4,4,0,146
"41400105","BKN","Alan Anderson, Bojan Bogdanovic, Brook Lopez, Jarrett Jack, Joe Johnson",15,68,80,70,82,2089,2160,2,2,0,71
"41400105","ATL","Al Horford, DeMarre Carroll, Jeff Teague, Kyle Korver, Paul Millsap",16,46,38,48,42,1276,1373,2,4,-2,97
"41400105","BKN","Bojan Bogdanovic, Brook Lopez, Deron Williams, Jarrett Jack, Joe Johnson",16,70,82,89,95,2160,2670,19,13,6,510
"41400105","ATL","Al Horford, DeMarre Carroll, Jeff Teague, Kyle Korver, Pero Antic",17,48,42,53,42,1373,1424,5,0,5,51
"41400105","BKN","Alan Anderson, Bojan Bogdanovic, Brook Lopez, Jarrett Jack, Joe Johnson",17,89,95,95,101,2670,2813,6,6,0,143
"41400105","ATL","DeMarre Carroll, Jeff Teague, Kent Bazemore, Kyle Korver, Pero Antic",18,53,42,53,44,1424,1427,0,2,-2,3
"41400105","BKN","Alan Anderson, Brook Lopez, Deron Williams, Jarrett Jack, Joe Johnson",18,95,101,97,103,2813,2850,2,2,0,37
"41400105","ATL","DeMarre Carroll, Jeff Teague, Kent Bazemore, Kyle Korver, Paul Millsap",19,53,44,53,44,1427,1427,0,0,0,0
"41400105","BKN","Alan Anderson, Bojan Bogdanovic, Brook Lopez, Jarrett Jack, Joe Johnson",19,97,103,97,107,2850,2880,0,4,-4,30
"41400105","ATL","Al Horford, DeMarre Carroll, Jeff Teague, Kyle Korver, Paul Millsap",20,53,44,57,48,1427,1569,4,4,0,142
"41400105","ATL","Al Horford, DeMarre Carroll, Dennis Schroder, Kyle Korver, Paul Millsap",21,57,48,64,53,1569,1722,7,5,2,153
"41400105","ATL","Al Horford, DeMarre Carroll, Jeff Teague, Kyle Korver, Paul Millsap",22,64,53,67,56,1722,1783,3,3,0,61
"41400105","ATL","DeMarre Carroll, Jeff Teague, Kyle Korver, Paul Millsap, Pero Antic",23,67,56,73,61,1783,1915,6,5,1,132
"41400105","ATL","Jeff Teague, Kent Bazemore, Kyle Korver, Paul Millsap, Pero Antic",24,73,61,78,64,1915,2043,5,3,2,128
"41400105","ATL","Dennis Schroder, Kent Bazemore, Kyle Korver, Paul Millsap, Pero Antic",25,78,64,78,64,2043,2043,0,0,0,0
"41400105","ATL","DeMarre Carroll, Dennis Schroder, Kent Bazemore, Paul Millsap, Pero Antic",26,78,64,80,66,2043,2087,2,2,0,44
"41400105","ATL","Al Horford, DeMarre Carroll, Dennis Schroder, Kent Bazemore, Pero Antic",27,80,66,82,70,2087,2160,2,4,-2,73
"41400105","ATL","Al Horford, DeMarre Carroll, Jeff Teague, Kyle Korver, Paul Millsap",28,82,70,107,97,2160,2860,25,27,-2,700
"41400105","ATL","DeMarre Carroll, Jeff Teague, Kyle Korver, Paul Millsap, Pero Antic",29,107,97,107,97,2860,2860,0,0,0,0
"41400105","ATL","DeMarre Carroll, Jeff Teague, Kent Bazemore, Paul Millsap, Pero Antic",30,107,97,107,97,2860,2880,0,0,0,20
"41400106","ATL","Al Horford, DeMarre Carroll, Jeff Teague, Kyle Korver, Paul Millsap",0,0,0,17,10,0,384,17,10,7,384
"41400106","BKN","Bojan Bogdanovic, Brook Lopez, Deron Williams, Joe Johnson, Thaddeus Young",0,0,0,10,11,0,278,10,11,-1,278
"41400106","ATL","DeMarre Carroll, Jeff Teague, Kyle Korver, Paul Millsap, Pero Antic",1,17,10,17,10,384,384,0,0,0,0
"41400106","BKN","Bojan Bogdanovic, Deron Williams, Joe Johnson, Mason Plumlee, Thaddeus Young",1,10,11,10,17,278,384,0,6,-6,106
"41400106","ATL","Jeff Teague, Kent Bazemore, Kyle Korver, Paul Millsap, Pero Antic",2,17,10,23,12,384,499,6,2,4,115
"41400106","BKN","Bojan Bogdanovic, Brook Lopez, Deron Williams, Joe Johnson, Mason Plumlee",2,10,17,10,20,384,429,0,3,-3,45
"41400106","ATL","Dennis Schroder, Kent Bazemore, Kyle Korver, Paul Millsap, Pero Antic",3,23,12,29,18,499,647,6,6,0,148
"41400106","BKN","Bojan Bogdanovic, Brook Lopez, Deron Williams, Jarrett Jack, Joe Johnson",3,10,20,12,23,429,499,2,3,-1,70
"41400106","ATL","DeMarre Carroll, Dennis Schroder, Kent Bazemore, Kyle Korver, Pero Antic",4,29,18,29,18,647,647,0,0,0,0
"41400106","BKN","Alan Anderson, Brook Lopez, Deron Williams, Jarrett Jack, Joe Johnson",4,12,23,18,29,499,647,6,6,0,148
"41400106","ATL","Al Horford, DeMarre Carroll, Dennis Schroder, Kyle Korver, Pero Antic",5,29,18,29,21,647,660,0,3,-3,13
"41400106","BKN","Alan Anderson, Brook Lopez, Jarrett Jack, Joe Johnson, Mirza Teletovic",5,18,29,21,29,647,660,3,0,3,13
"41400106","ATL","Al Horford, DeMarre Carroll, Dennis Schroder, Kent Bazemore, Pero Antic",6,29,21,36,23,660,720,7,2,5,60
"41400106","BKN","Bojan Bogdanovic, Brook Lopez, Jarrett Jack, Joe Johnson, Mirza Teletovic",6,21,29,23,36,660,720,2,7,-5,60
"41400106","ATL","Al Horford, DeMarre Carroll, Dennis Schroder, Kent Bazemore, Mike Scott",7,36,23,38,25,720,845,2,2,0,125
"41400106","BKN","Alan Anderson, Bojan Bogdanovic, Brook Lopez, Jarrett Jack, Thaddeus Young",7,23,36,32,40,720,1019,9,4,5,299
"41400106","ATL","Al Horford, Dennis Schroder, Kent Bazemore, Kyle Korver, Mike Scott",8,38,25,38,25,845,845,0,0,0,0
"41400106","BKN","Bojan Bogdanovic, Brook Lopez, Jarrett Jack, Joe Johnson, Thaddeus Young",8,32,40,37,43,1019,1179,5,3,2,160
"41400106","ATL","Al Horford, Dennis Schroder, Kyle Korver, Mike Scott, Shelvin Mack",9,38,25,38,30,845,918,0,5,-5,73
"41400106","BKN","Bojan Bogdanovic, Brook Lopez, Deron Williams, Joe Johnson, Thaddeus Young",9,37,43,39,47,1179,1290,2,4,-2,111
"41400106","ATL","Al Horford, Jeff Teague, Kyle Korver, Mike Scott, Shelvin Mack",10,38,30,38,30,918,918,0,0,0,0
"41400106","BKN","Alan Anderson, Bojan Bogdanovic, Brook Lopez, Deron Williams, Joe Johnson",10,39,47,43,49,1290,1421,4,2,2,131
"41400106","ATL","Al Horford, Jeff Teague, Kyle Korver, Paul Millsap, Shelvin Mack",11,38,30,40,32,918,1019,2,2,0,101
"41400106","BKN","Alan Anderson, Bojan Bogdanovic, Deron Williams, Joe Johnson, Mason Plumlee",11,43,49,43,51,1421,1424,0,2,-2,3
"41400106","ATL","Jeff Teague, Kyle Korver, Paul Millsap, Pero Antic, Shelvin Mack",12,40,32,40,34,1019,1082,0,2,-2,63
"41400106","BKN","Alan Anderson, Bojan Bogdanovic, Brook Lopez, Deron Williams, Joe Johnson",12,43,51,43,51,1424,1425,0,0,0,1
"41400106","ATL","Jeff Teague, Kent Bazemore, Kyle Korver, Paul Millsap, Pero Antic",13,40,34,43,37,1082,1179,3,3,0,97
"41400106","BKN","Alan Anderson, Bojan Bogdanovic, Deron Williams, Jarrett Jack, Joe Johnson",13,43,51,45,51,1425,1440,2,0,2,15
"41400106","ATL","Al Horford, Jeff Teague, Kent Bazemore, Kyle Korver, Paul Millsap",14,43,37,47,39,1179,1290,4,2,2,111
"41400106","BKN","Bojan Bogdanovic, Brook Lopez, Deron Williams, Joe Johnson, Thaddeus Young",14,45,51,48,69,1440,1718,3,18,-15,278
"41400106","ATL","Al Horford, Dennis Schroder, Jeff Teague, Kent Bazemore, Paul Millsap",15,47,39,47,40,1290,1332,0,1,-1,42
"41400106","BKN","Bojan Bogdanovic, Brook Lopez, Jarrett Jack, Joe Johnson, Thaddeus Young",15,48,69,48,69,1718,1718,0,0,0,0
"41400106","ATL","Al Horford, Dennis Schroder, Kent Bazemore, Kyle Korver, Paul Millsap",16,47,40,51,43,1332,1425,4,3,1,93
"41400106","BKN","Alan Anderson, Bojan Bogdanovic, Brook Lopez, Jarrett Jack, Joe Johnson",16,48,69,52,74,1718,1856,4,5,-1,138
"41400106","ATL","Dennis Schroder, Kent Bazemore, Kyle Korver, Paul Millsap, Shelvin Mack",17,51,43,51,45,1425,1440,0,2,-2,15
"41400106","BKN","Alan Anderson, Bojan Bogdanovic, Jarrett Jack, Joe Johnson, Mason Plumlee",17,52,74,62,87,1856,2073,10,13,-3,217
"41400106","ATL","Dennis Schroder, Kent Bazemore, Kyle Korver, Mike Muscala, Paul Millsap",18,51,45,51,45,1440,1440,0,0,0,0
"41400106","BKN","Alan Anderson, Bojan Bogdanovic, Brook Lopez, Jarrett Jack, Joe Johnson",18,62,87,66,92,2073,2160,4,5,-1,87
"41400106","ATL","Al Horford, DeMarre Carroll, Jeff Teague, Kyle Korver, Paul Millsap",19,51,45,65,48,1440,1686,14,3,11,246
"41400106","BKN","Alan Anderson, Brook Lopez, Deron Williams, Jarrett Jack, Joe Johnson",19,66,92,70,96,2160,2294,4,4,0,134
"41400106","ATL","Al Horford, Jeff Teague, Kent Bazemore, Kyle Korver, Paul Millsap",20,65,48,74,51,1686,1845,9,3,6,159
"41400106","BKN","Alan Anderson, Brook Lopez, Deron Williams, Jarrett Jack, Thaddeus Young",20,70,96,75,100,2294,2427,5,4,1,133
"41400106","ATL","Al Horford, DeMarre Carroll, Jeff Teague, Kent Bazemore, Paul Millsap",21,74,51,74,52,1845,1856,0,1,-1,11
"41400106","BKN","Brook Lopez, Deron Williams, Jarrett Jack, Joe Johnson, Thaddeus Young",21,75,100,75,100,2427,2427,0,0,0,0
"41400106","ATL","DeMarre Carroll, Jeff Teague, Kent Bazemore, Paul Millsap, Pero Antic",22,74,52,74,52,1856,1856,0,0,0,0
"41400106","BKN","Brook Lopez, Deron Williams, Jarrett Jack, Joe Johnson, Mirza Teletovic",22,75,100,75,100,2427,2450,0,0,0,23
"41400106","ATL","Jeff Teague, Kent Bazemore, Kyle Korver, Paul Millsap, Pero Antic",23,74,52,78,55,1856,1937,4,3,1,81
"41400106","BKN","Deron Williams, Jarrett Jack, Joe Johnson, Mason Plumlee, Mirza Teletovic",23,75,100,82,102,2450,2600,7,2,5,150
"41400106","ATL","Dennis Schroder, Kent Bazemore, Kyle Korver, Paul Millsap, Pero Antic",24,78,55,78,57,1937,1944,0,2,-2,7
"41400106","BKN","Jarrett Jack, Jerome Jordan, Joe Johnson, Mason Plumlee, Mirza Teletovic",24,82,102,82,102,2600,2600,0,0,0,0
"41400106","ATL","Dennis Schroder, Kent Bazemore, Kyle Korver, Mike Scott, Paul Millsap",25,78,57,87,62,1944,2073,9,5,4,129
"41400106","BKN","Darius Morris, Jarrett Jack, Jerome Jordan, Mason Plumlee, Mirza Teletovic",25,82,102,82,102,2600,2600,0,0,0,0
"41400106","ATL","Al Horford, Dennis Schroder, Kent Bazemore, Kyle Korver, Paul Millsap",26,87,62,87,62,2073,2073,0,0,0,0
"41400106","BKN","Darius Morris, Earl Clark, Jarrett Jack, Jerome Jordan, Mirza Teletovic",26,82,102,82,102,2600,2600,0,0,0,0
"41400106","ATL","Al Horford, DeMarre Carroll, Dennis Schroder, Kent Bazemore, Paul Millsap",27,87,62,92,66,2073,2160,5,4,1,87
"41400106","BKN","Darius Morris, Earl Clark, Jerome Jordan, Markel Brown, Mirza Teletovic",27,82,102,87,111,2600,2880,5,9,-4,280
"41400106","ATL","Al Horford, DeMarre Carroll, Dennis Schroder, Kent Bazemore, Mike Scott",28,92,66,96,70,2160,2294,4,4,0,134
"41400106","ATL","Al Horford, DeMarre Carroll, Dennis Schroder, Mike Scott, Shelvin Mack",29,96,70,100,75,2294,2427,4,5,-1,133
"41400106","ATL","DeMarre Carroll, Dennis Schroder, Mike Muscala, Mike Scott, Shelvin Mack",30,100,75,100,80,2427,2559,0,5,-5,132
"41400106","ATL","DeMarre Carroll, Kent Bazemore, Mike Muscala, Mike Scott, Shelvin Mack",31,100,80,100,80,2559,2559,0,0,0,0
"41400106","ATL","Al Horford, DeMarre Carroll, Kent Bazemore, Mike Scott, Shelvin Mack",32,100,80,102,82,2559,2600,2,2,0,41
"41400106","ATL","Al Horford, DeMarre Carroll, Dennis Schroder, Kent Bazemore, Mike Scott",33,102,82,102,82,2600,2600,0,0,0,0
"41400106","ATL","Al Horford, DeMarre Carroll, Dennis Schroder, Kyle Korver, Mike Scott",34,102,82,104,82,2600,2662,2,0,2,62
"41400106","ATL","DeMarre Carroll, Dennis Schroder, Kyle Korver, Mike Muscala, Mike Scott",35,104,82,104,82,2662,2662,0,0,0,0
"41400106","ATL","DeMarre Carroll, Kyle Korver, Mike Muscala, Mike Scott, Shelvin Mack",36,104,82,104,82,2662,2662,0,0,0,0
"41400106","ATL","Elton Brand, Kyle Korver, Mike Muscala, Mike Scott, Shelvin Mack",37,104,82,104,82,2662,2662,0,0,0,0
"41400106","ATL","Elton Brand, John Jenkins, Mike Muscala, Mike Scott, Shelvin Mack",38,104,82,111,87,2662,2880,7,5,2,218
"41400111","BOS","Avery Bradley, Brandon Bass, Evan Turner, Marcus Smart, Tyler Zeller",0,0,0,8,10,0,315,8,10,-2,315
"41400111","CLE","JR Smith, Kevin Love, Kyrie Irving, LeBron James, Timofey Mozgov",0,0,0,10,8,0,315,10,8,2,315
"41400111","BOS","Avery Bradley, Brandon Bass, Evan Turner, Isaiah Thomas, Tyler Zeller",1,8,10,8,11,315,323,0,1,-1,8
"41400111","CLE","Iman Shumpert, JR Smith, Kevin Love, Kyrie Irving, Timofey Mozgov",1,10,8,11,8,315,323,1,0,1,8
"41400111","BOS","Avery Bradley, Brandon Bass, Evan Turner, Isaiah Thomas, Kelly Olynyk",2,8,11,20,17,323,457,12,6,6,134
"41400111","CLE","Iman Shumpert, JR Smith, Kevin Love, Kyrie Irving, Tristan Thompson",2,11,8,17,20,323,457,6,12,-6,134
"41400111","BOS","Avery Bradley, Evan Turner, Isaiah Thomas, Jae Crowder, Kelly Olynyk",3,20,17,22,22,457,521,2,5,-3,64
"41400111","CLE","Iman Shumpert, James Jones, JR Smith, Kyrie Irving, Tristan Thompson",3,17,20,22,22,457,521,5,2,3,64
"41400111","BOS","Avery Bradley, Isaiah Thomas, Jae Crowder, Jonas Jerebko, Kelly Olynyk",4,22,22,31,27,521,720,9,5,4,199
"41400111","CLE","Iman Shumpert, James Jones, Kyrie Irving, LeBron James, Tristan Thompson",4,22,22,27,31,521,685,5,9,-4,164
"41400111","BOS","Isaiah Thomas, Jae Crowder, Jared Sullinger, Jonas Jerebko, Marcus Smart",5,31,27,38,31,720,876,7,4,3,156
"41400111","CLE","Iman Shumpert, James Jones, LeBron James, Matthew Dellavedova, Tristan Thompson",5,27,31,27,31,685,720,0,0,0,35
"41400111","BOS","Evan Turner, Jae Crowder, Jared Sullinger, Jonas Jerebko, Marcus Smart",6,38,31,38,37,876,930,0,6,-6,54
"41400111","CLE","Iman Shumpert, James Jones, LeBron James, Matthew Dellavedova, Timofey Mozgov",6,27,31,29,34,720,806,2,3,-1,86
"41400111","BOS","Brandon Bass, Evan Turner, Jae Crowder, Jared Sullinger, Marcus Smart",7,38,37,40,40,930,1040,2,3,-1,110
"41400111","CLE","Iman Shumpert, Kevin Love, LeBron James, Matthew Dellavedova, Timofey Mozgov",7,29,34,31,37,806,848,2,3,-1,42
"41400111","BOS","Brandon Bass, Evan Turner, Jared Sullinger, Kelly Olynyk, Marcus Smart",8,40,40,40,40,1040,1040,0,0,0,0
"41400111","CLE","JR Smith, Kevin Love, LeBron James, Matthew Dellavedova, Timofey Mozgov",8,31,37,31,37,848,869,0,0,0,21
"41400111","BOS","Brandon Bass, Evan Turner, Isaiah Thomas, Kelly Olynyk, Marcus Smart",9,40,40,42,44,1040,1109,2,4,-2,69
"41400111","CLE","JR Smith, Kevin Love, Kyrie Irving, LeBron James, Timofey Mozgov",9,31,37,40,40,869,1040,9,3,6,171
"41400111","BOS","Brandon Bass, Evan Turner, Isaiah Thomas, Kelly Olynyk, Tyler Zeller",10,42,44,42,44,1109,1109,0,0,0,0
"41400111","CLE","JR Smith, Kevin Love, Kyrie Irving, LeBron James, Tristan Thompson",10,40,40,56,50,1040,1348,16,10,6,308
"41400111","BOS","Avery Bradley, Brandon Bass, Evan Turner, Isaiah Thomas, Tyler Zeller",11,42,44,46,53,1109,1240,4,9,-5,131
"41400111","CLE","Iman Shumpert, Kevin Love, Kyrie Irving, LeBron James, Tristan Thompson",11,56,50,59,52,1348,1424,3,2,1,76
"41400111","BOS","Avery Bradley, Brandon Bass, Evan Turner, Isaiah Thomas, Jonas Jerebko",12,46,53,50,56,1240,1348,4,3,1,108
"41400111","CLE","Iman Shumpert, James Jones, Kyrie Irving, LeBron James, Tristan Thompson",12,59,52,59,52,1424,1424,0,0,0,0
"41400111","BOS","Brandon Bass, Evan Turner, Isaiah Thomas, Jonas Jerebko, Marcus Smart",13,50,56,52,59,1348,1424,2,3,-1,76
"41400111","CLE","Iman Shumpert, James Jones, Kyrie Irving, Matthew Dellavedova, Tristan Thompson",13,59,52,62,54,1424,1440,3,2,1,16
"41400111","BOS","Evan Turner, Isaiah Thomas, Jonas Jerebko, Kelly Olynyk, Marcus Smart",14,52,59,54,62,1424,1440,2,3,-1,16
"41400111","CLE","JR Smith, Kevin Love, Kyrie Irving, LeBron James, Timofey Mozgov",14,62,54,64,58,1440,1564,2,4,-2,124
"41400111","BOS","Avery Bradley, Brandon Bass, Evan Turner, Kelly Olynyk, Marcus Smart",15,54,62,58,71,1440,1686,4,9,-5,246
"41400111","CLE","Iman Shumpert, Kevin Love, Kyrie Irving, LeBron James, Timofey Mozgov",15,64,58,76,62,1564,1806,12,4,8,242
"41400111","BOS","Avery Bradley, Brandon Bass, Isaiah Thomas, Kelly Olynyk, Marcus Smart",16,58,71,58,71,1686,1686,0,0,0,0
"41400111","CLE","Iman Shumpert, Kevin Love, Kyrie Irving, LeBron James, Tristan Thompson",16,76,62,82,66,1806,1935,6,4,2,129
"41400111","BOS","Avery Bradley, Brandon Bass, Isaiah Thomas, Jae Crowder, Kelly Olynyk",17,58,71,62,80,1686,1878,4,9,-5,192
"41400111","CLE","Iman Shumpert, James Jones, Kyrie Irving, LeBron James, Tristan Thompson",17,82,66,82,76,1935,2057,0,10,-10,122
"41400111","BOS","Avery Bradley, Isaiah Thomas, Jae Crowder, Jonas Jerebko, Kelly Olynyk",18,62,80,62,80,1878,1878,0,0,0,0
"41400111","CLE","Iman Shumpert, James Jones, Kyrie Irving, Matthew Dellavedova, Tristan Thompson",18,82,76,88,76,2057,2129,6,0,6,72
"41400111","BOS","Isaiah Thomas, Jae Crowder, Jonas Jerebko, Kelly Olynyk, Tyler Zeller",19,62,80,62,80,1878,1878,0,0,0,0
"41400111","CLE","Iman Shumpert, James Jones, Matthew Dellavedova, Shawn Marion, Tristan Thompson",19,88,76,91,76,2129,2160,3,0,3,31
"41400111","BOS","Isaiah Thomas, Jae Crowder, Jonas Jerebko, Marcus Smart, Tyler Zeller",20,62,80,76,88,1878,2129,14,8,6,251
"41400111","CLE","Iman Shumpert, James Jones, LeBron James, Matthew Dellavedova, Tristan Thompson",20,91,76,96,81,2160,2352,5,5,0,192
"41400111","BOS","Isaiah Thomas, Jae Crowder, Jonas Jerebko, Kelly Olynyk, Marcus Smart",21,76,88,76,91,2129,2160,0,3,-3,31
"41400111","CLE","Iman Shumpert, Kyrie Irving, LeBron James, Matthew Dellavedova, Tristan Thompson",21,96,81,96,81,2352,2352,0,0,0,0
"41400111","BOS","Evan Turner, Jae Crowder, Jonas Jerebko, Marcus Smart, Tyler Zeller",22,76,91,81,96,2160,2352,5,5,0,192
"41400111","CLE","Iman Shumpert, Kevin Love, Kyrie Irving, LeBron James, Tristan Thompson",22,96,81,101,86,2352,2444,5,5,0,92
"41400111","BOS","Avery Bradley, Evan Turner, Jonas Jerebko, Marcus Smart, Tyler Zeller",23,81,96,81,98,2352,2382,0,2,-2,30
"41400111","CLE","Iman Shumpert, James Jones, Kyrie Irving, LeBron James, Tristan Thompson",23,101,86,102,89,2444,2507,1,3,-2,63
"41400111","BOS","Avery Bradley, Evan Turner, Jared Sullinger, Marcus Smart, Tyler Zeller",24,81,98,81,98,2382,2382,0,0,0,0
"41400111","CLE","Iman Shumpert, James Jones, Kyrie Irving, LeBron James, Timofey Mozgov",24,102,89,102,89,2507,2507,0,0,0,0
"41400111","BOS","Avery Bradley, Brandon Bass, Evan Turner, Jared Sullinger, Marcus Smart",25,81,98,81,98,2382,2382,0,0,0,0
"41400111","CLE","Iman Shumpert, Kevin Love, Kyrie Irving, LeBron James, Timofey Mozgov",25,102,89,111,100,2507,2841,9,11,-2,334
"41400111","BOS","Avery Bradley, Brandon Bass, Evan Turner, Isaiah Thomas, Jared Sullinger",26,81,98,93,106,2382,2599,12,8,4,217
"41400111","CLE","Iman Shumpert, James Jones, Kevin Love, Kyrie Irving, Timofey Mozgov",26,111,100,111,100,2841,2841,0,0,0,0
"41400111","BOS","Avery Bradley, Evan Turner, Isaiah Thomas, Jae Crowder, Jared Sullinger",27,93,106,98,111,2599,2726,5,5,0,127
"41400111","CLE","Iman Shumpert, James Jones, Kyrie Irving, Matthew Dellavedova, Timofey Mozgov",27,111,100,111,100,2841,2841,0,0,0,0
"41400111","BOS","Avery Bradley, Evan Turner, Isaiah Thomas, Jared Sullinger, Kelly Olynyk",28,98,111,100,111,2726,2841,2,0,2,115
"41400111","CLE","Iman Shumpert, James Jones, Matthew Dellavedova, Timofey Mozgov, Tristan Thompson",28,111,100,113,100,2841,2860,2,0,2,19
"41400111","BOS","Evan Turner, Gigi Datome, Isaiah Thomas, Jared Sullinger, Kelly Olynyk",29,100,111,100,111,2841,2841,0,0,0,0
"41400111","CLE","Iman Shumpert, James Jones, Matthew Dellavedova, Shawn Marion, Tristan Thompson",29,113,100,113,100,2860,2880,0,0,0,20
"41400111","BOS","Evan Turner, Gigi Datome, Jared Sullinger, Kelly Olynyk, Phil Pressey",30,100,111,100,113,2841,2880,0,2,-2,39
"41400112","BOS","Avery Bradley, Brandon Bass, Evan Turner, Marcus Smart, Tyler Zeller",0,0,0,13,8,0,338,13,8,5,338
"41400112","CLE","JR Smith, Kevin Love, Kyrie Irving, LeBron James, Timofey Mozgov",0,0,0,8,11,0,259,8,11,-3,259
"41400112","BOS","Brandon Bass, Evan Turner, Isaiah Thomas, Marcus Smart, Tyler Zeller",1,13,8,16,14,338,455,3,6,-3,117
"41400112","CLE","JR Smith, Kyrie Irving, LeBron James, Timofey Mozgov, Tristan Thompson",1,8,11,18,20,259,566,10,9,1,307
"41400112","BOS","Evan Turner, Isaiah Thomas, Jared Sullinger, Marcus Smart, Tyler Zeller",2,16,14,20,18,455,566,4,4,0,111
"41400112","CLE","JR Smith, Kendrick Perkins, Kyrie Irving, Timofey Mozgov, Tristan Thompson",2,18,20,18,20,566,566,0,0,0,0
"41400112","BOS","Isaiah Thomas, Jared Sullinger, Kelly Olynyk, Marcus Smart, Tyler Zeller",3,20,18,20,18,566,566,0,0,0,0
"41400112","CLE","Iman Shumpert, JR Smith, Kendrick Perkins, Kyrie Irving, Tristan Thompson",3,18,20,23,23,566,685,5,3,2,119
"41400112","BOS","Isaiah Thomas, Jae Crowder, Jared Sullinger, Kelly Olynyk, Marcus Smart",4,20,18,26,23,566,694,6,5,1,128
"41400112","CLE","Iman Shumpert, JR Smith, Kendrick Perkins, Matthew Dellavedova, Tristan Thompson",4,23,23,23,26,685,694,0,3,-3,9
"41400112","BOS","Brandon Bass, Isaiah Thomas, Jae Crowder, Jared Sullinger, Marcus Smart",5,26,23,26,25,694,714,0,2,-2,20
"41400112","CLE","Iman Shumpert, JR Smith, LeBron James, Matthew Dellavedova, Tristan Thompson",5,23,26,25,26,694,720,2,0,2,26
"41400112","BOS","Isaiah Thomas, Jae Crowder, Jared Sullinger, Kelly Olynyk, Marcus Smart",6,26,25,26,25,714,720,0,0,0,6
"41400112","CLE","Iman Shumpert, Kevin Love, LeBron James, Matthew Dellavedova, Tristan Thompson",6,25,26,34,35,720,962,9,9,0,242
"41400112","BOS","Avery Bradley, Isaiah Thomas, Jae Crowder, Jared Sullinger, Kelly Olynyk",7,26,25,33,32,720,871,7,7,0,151
"41400112","CLE","Iman Shumpert, Kevin Love, LeBron James, Matthew Dellavedova, Timofey Mozgov",7,34,35,34,38,962,1026,0,3,-3,64
"41400112","BOS","Avery Bradley, Isaiah Thomas, Jae Crowder, Kelly Olynyk, Tyler Zeller",8,33,32,33,32,871,900,0,0,0,29
"41400112","CLE","Iman Shumpert, Kevin Love, Kyrie Irving, LeBron James, Timofey Mozgov",8,34,38,36,41,1026,1084,2,3,-1,58
"41400112","BOS","Avery Bradley, Evan Turner, Jae Crowder, Kelly Olynyk, Tyler Zeller",9,33,32,45,40,900,1226,12,8,4,326
"41400112","CLE","JR Smith, Kevin Love, Kyrie Irving, LeBron James, Timofey Mozgov",9,36,41,44,48,1084,1335,8,7,1,251
"41400112","BOS","Avery Bradley, Evan Turner, Isaiah Thomas, Jae Crowder, Kelly Olynyk",10,45,40,45,40,1226,1226,0,0,0,0
"41400112","CLE","JR Smith, Kyrie Irving, LeBron James, Timofey Mozgov, Tristan Thompson",10,44,48,49,50,1335,1391,5,2,3,56
"41400112","BOS","Avery Bradley, Evan Turner, Isaiah Thomas, Jared Sullinger, Kelly Olynyk",11,45,40,45,40,1226,1226,0,0,0,0
"41400112","CLE","JR Smith, LeBron James, Matthew Dellavedova, Timofey Mozgov, Tristan Thompson",11,49,50,49,50,1391,1391,0,0,0,0
"41400112","BOS","Avery Bradley, Brandon Bass, Evan Turner, Isaiah Thomas, Jared Sullinger",12,45,40,45,42,1226,1258,0,2,-2,32
"41400112","CLE","Iman Shumpert, LeBron James, Matthew Dellavedova, Timofey Mozgov, Tristan Thompson",12,49,50,51,50,1391,1440,2,0,2,49
"41400112","BOS","Brandon Bass, Evan Turner, Isaiah Thomas, Jared Sullinger, Marcus Smart",13,45,42,50,49,1258,1391,5,7,-2,133
"41400112","CLE","JR Smith, Kevin Love, Kyrie Irving, LeBron James, Timofey Mozgov",13,51,50,68,54,1440,1767,17,4,13,327
"41400112","BOS","Brandon Bass, Evan Turner, Isaiah Thomas, Marcus Smart, Tyler Zeller",14,50,49,50,49,1391,1391,0,0,0,0
"41400112","CLE","JR Smith, Kevin Love, Kyrie Irving, LeBron James, Tristan Thompson",14,68,54,73,64,1767,1916,5,10,-5,149
"41400112","BOS","Brandon Bass, Isaiah Thomas, Jae Crowder, Marcus Smart, Tyler Zeller",15,50,49,50,51,1391,1419,0,2,-2,28
"41400112","CLE","James Jones, JR Smith, Kyrie Irving, LeBron James, Tristan Thompson",15,73,64,73,64,1916,1916,0,0,0,0
"41400112","BOS","Avery Bradley, Isaiah Thomas, Jae Crowder, Marcus Smart, Tyler Zeller",16,50,51,50,51,1419,1419,0,0,0,0
"41400112","CLE","Iman Shumpert, James Jones, JR Smith, Kyrie Irving, Tristan Thompson",16,73,64,75,68,1916,2160,2,4,-2,244
"41400112","BOS","Avery Bradley, Isaiah Thomas, Jae Crowder, Jared Sullinger, Marcus Smart",17,50,51,50,51,1419,1419,0,0,0,0
"41400112","CLE","Iman Shumpert, Kevin Love, LeBron James, Matthew Dellavedova, Tristan Thompson",17,75,68,79,77,2160,2323,4,9,-5,163
"41400112","BOS","Avery Bradley, Isaiah Thomas, Jared Sullinger, Kelly Olynyk, Marcus Smart",18,50,51,50,51,1419,1440,0,0,0,21
"41400112","CLE","Iman Shumpert, Kevin Love, Kyrie Irving, LeBron James, Tristan Thompson",18,79,77,81,79,2323,2390,2,2,0,67
"41400112","BOS","Avery Bradley, Brandon Bass, Evan Turner, Marcus Smart, Tyler Zeller",19,50,51,52,58,1440,1612,2,7,-5,172
"41400112","CLE","Iman Shumpert, Kevin Love, Kyrie Irving, LeBron James, Timofey Mozgov",19,81,79,91,84,2390,2584,10,5,5,194
"41400112","BOS","Avery Bradley, Brandon Bass, Jae Crowder, Marcus Smart, Tyler Zeller",20,52,58,54,62,1612,1674,2,4,-2,62
"41400112","CLE","Iman Shumpert, JR Smith, Kyrie Irving, LeBron James, Timofey Mozgov",20,91,84,95,89,2584,2730,4,5,-1,146
"41400112","BOS","Avery Bradley, Jae Crowder, Kelly Olynyk, Marcus Smart, Tyler Zeller",21,54,62,54,62,1674,1674,0,0,0,0
"41400112","CLE","Iman Shumpert, JR Smith, Kyrie Irving, LeBron James, Tristan Thompson",21,95,89,99,91,2730,2880,4,2,2,150
"41400112","BOS","Avery Bradley, Jae Crowder, Jared Sullinger, Kelly Olynyk, Marcus Smart",22,54,62,54,68,1674,1767,0,6,-6,93
"41400112","BOS","Isaiah Thomas, Jae Crowder, Jared Sullinger, Kelly Olynyk, Marcus Smart",23,54,68,60,73,1767,1871,6,5,1,104
"41400112","BOS","Evan Turner, Isaiah Thomas, Jae Crowder, Jared Sullinger, Kelly Olynyk",24,60,73,64,73,1871,1916,4,0,4,45
"41400112","BOS","Evan Turner, Isaiah Thomas, Jae Crowder, Jared Sullinger, Jonas Jerebko",25,64,73,66,75,1916,2027,2,2,0,111
"41400112","BOS","Evan Turner, Isaiah Thomas, Jae Crowder, Jonas Jerebko, Tyler Zeller",26,66,75,68,75,2027,2160,2,0,2,133
"41400112","BOS","Evan Turner, Isaiah Thomas, Jae Crowder, Kelly Olynyk, Tyler Zeller",27,68,75,79,81,2160,2390,11,6,5,230
"41400112","BOS","Evan Turner, Isaiah Thomas, Jae Crowder, Jared Sullinger, Tyler Zeller",28,79,81,79,81,2390,2390,0,0,0,0
"41400112","BOS","Avery Bradley, Evan Turner, Jae Crowder, Jared Sullinger, Tyler Zeller",29,79,81,82,85,2390,2477,3,4,-1,87
"41400112","BOS","Avery Bradley, Isaiah Thomas, Jae Crowder, Jared Sullinger, Tyler Zeller",30,82,85,84,91,2477,2555,2,6,-4,78
"41400112","BOS","Avery Bradley, Evan Turner, Isaiah Thomas, Jae Crowder, Jared Sullinger",31,84,91,84,91,2555,2555,0,0,0,0
"41400112","BOS","Avery Bradley, Evan Turner, Isaiah Thomas, Jared Sullinger, Kelly Olynyk",32,84,91,86,91,2555,2642,2,0,2,87
"41400112","BOS","Avery Bradley, Evan Turner, Isaiah Thomas, Jared Sullinger, Marcus Smart",33,86,91,89,95,2642,2730,3,4,-1,88
"41400112","BOS","Avery Bradley, Isaiah Thomas, Jae Crowder, Jared Sullinger, Marcus Smart",34,89,95,89,95,2730,2730,0,0,0,0
"41400112","BOS","Avery Bradley, Isaiah Thomas, Jae Crowder, Marcus Smart, Tyler Zeller",35,89,95,89,99,2730,2841,0,4,-4,111
"41400112","BOS","Avery Bradley, Isaiah Thomas, Jae Crowder, Jared Sullinger, Marcus Smart",36,89,99,89,99,2841,2841,0,0,0,0
"41400112","BOS","Avery Bradley, Isaiah Thomas, Jae Crowder, Jared Sullinger, Kelly Olynyk",37,89,99,91,99,2841,2880,2,0,2,39
"41400113","BOS","Avery Bradley, Brandon Bass, Evan Turner, Marcus Smart, Tyler Zeller",0,0,0,13,15,0,343,13,15,-2,343
"41400113","CLE","JR Smith, Kevin Love, Kyrie Irving, LeBron James, Timofey Mozgov",0,0,0,19,17,0,476,19,17,2,476
"41400113","BOS","Avery Bradley, Brandon Bass, Evan Turner, Jared Sullinger, Marcus Smart",1,13,15,13,15,343,343,0,0,0,0
"41400113","CLE","JR Smith, Kevin Love, Kyrie Irving, LeBron James, Tristan Thompson",1,19,17,19,17,476,513,0,0,0,37
"41400113","BOS","Avery Bradley, Brandon Bass, Evan Turner, Isaiah Thomas, Jared Sullinger",2,13,15,17,19,343,440,4,4,0,97
"41400113","CLE","Iman Shumpert, JR Smith, Kevin Love, Kyrie Irving, Tristan Thompson",2,19,17,31,25,513,699,12,8,4,186
"41400113","BOS","Avery Bradley, Brandon Bass, Isaiah Thomas, Jae Crowder, Jared Sullinger",3,17,19,17,19,440,513,0,0,0,73
"41400113","CLE","Iman Shumpert, JR Smith, Kevin Love, Matthew Dellavedova, Tristan Thompson",3,31,25,31,25,699,699,0,0,0,0
"41400113","BOS","Brandon Bass, Gigi Datome, Isaiah Thomas, Jae Crowder, Jared Sullinger",4,17,19,21,26,513,618,4,7,-3,105
"41400113","CLE","Iman Shumpert, James Jones, JR Smith, Matthew Dellavedova, Tristan Thompson",4,31,25,31,25,699,720,0,0,0,21
"41400113","BOS","Gigi Datome, Isaiah Thomas, Jae Crowder, Jared Sullinger, Jonas Jerebko",5,21,26,25,31,618,699,4,5,-1,81
"41400113","CLE","Iman Shumpert, James Jones, LeBron James, Matthew Dellavedova, Tristan Thompson",5,31,25,33,27,720,859,2,2,0,139
"41400113","BOS","Gigi Datome, Isaiah Thomas, Jae Crowder, Jonas Jerebko, Kelly Olynyk",6,25,31,25,31,699,720,0,0,0,21
"41400113","CLE","Iman Shumpert, James Jones, LeBron James, Matthew Dellavedova, Timofey Mozgov",6,33,27,36,31,859,924,3,4,-1,65
"41400113","BOS","Isaiah Thomas, Jae Crowder, Jonas Jerebko, Kelly Olynyk, Marcus Smart",7,25,31,27,33,720,859,2,2,0,139
"41400113","CLE","Iman Shumpert, Kevin Love, LeBron James, Matthew Dellavedova, Timofey Mozgov",7,36,31,36,31,924,924,0,0,0,0
"41400113","BOS","Isaiah Thomas, Jae Crowder, Jonas Jerebko, Marcus Smart, Tyler Zeller",8,27,33,29,36,859,883,2,3,-1,24
"41400113","CLE","Iman Shumpert, Kevin Love, Kyrie Irving, LeBron James, Timofey Mozgov",8,36,31,38,31,924,974,2,0,2,50
"41400113","BOS","Evan Turner, Jae Crowder, Jonas Jerebko, Marcus Smart, Tyler Zeller",9,29,36,31,38,883,994,2,2,0,111
"41400113","CLE","JR Smith, Kevin Love, Kyrie Irving, LeBron James, Timofey Mozgov",9,38,31,44,46,974,1267,6,15,-9,293
"41400113","BOS","Avery Bradley, Evan Turner, Jae Crowder, Jonas Jerebko, Tyler Zeller",10,31,38,41,41,994,1120,10,3,7,126
"41400113","CLE","JR Smith, Kevin Love, Kyrie Irving, LeBron James, Tristan Thompson",10,44,46,47,48,1267,1358,3,2,1,91
"41400113","BOS","Avery Bradley, Brandon Bass, Evan Turner, Jae Crowder, Tyler Zeller",11,41,41,43,44,1120,1174,2,3,-1,54
"41400113","CLE","Iman Shumpert, JR Smith, Kevin Love, LeBron James, Tristan Thompson",11,47,48,54,48,1358,1411,7,0,7,53
"41400113","BOS","Avery Bradley, Brandon Bass, Evan Turner, Isaiah Thomas, Tyler Zeller",12,43,44,43,44,1174,1174,0,0,0,0
"41400113","CLE","Iman Shumpert, James Jones, JR Smith, Kevin Love, LeBron James",12,54,48,56,48,1411,1440,2,0,2,29
"41400113","BOS","Avery Bradley, Brandon Bass, Evan Turner, Isaiah Thomas, Jared Sullinger",13,43,44,48,47,1174,1358,5,3,2,184
"41400113","CLE","JR Smith, Kevin Love, Kyrie Irving, LeBron James, Timofey Mozgov",13,56,48,67,62,1440,1717,11,14,-3,277
"41400113","BOS","Avery Bradley, Evan Turner, Isaiah Thomas, Jared Sullinger, Jonas Jerebko",14,48,47,48,47,1358,1358,0,0,0,0
"41400113","CLE","JR Smith, Kevin Love, Kyrie Irving, LeBron James, Tristan Thompson",14,67,62,77,71,1717,2005,10,9,1,288
"41400113","BOS","Avery Bradley, Evan Turner, Isaiah Thomas, Jonas Jerebko, Tyler Zeller",15,48,47,48,54,1358,1411,0,7,-7,53
"41400113","CLE","Iman Shumpert, JR Smith, Kevin Love, Kyrie Irving, Tristan Thompson",15,77,71,84,76,2005,2160,7,5,2,155
"41400113","BOS","Avery Bradley, Evan Turner, Isaiah Thomas, Jae Crowder, Jonas Jerebko",16,48,54,48,56,1411,1440,0,2,-2,29
"41400113","CLE","Iman Shumpert, JR Smith, LeBron James, Matthew Dellavedova, Tristan Thompson",16,84,76,89,78,2160,2343,5,2,3,183
"41400113","BOS","Avery Bradley, Evan Turner, Jae Crowder, Jonas Jerebko, Tyler Zeller",17,48,56,66,74,1440,1904,18,18,0,464
"41400113","CLE","Iman Shumpert, Kyrie Irving, LeBron James, Matthew Dellavedova, Tristan Thompson",17,89,78,93,84,2343,2548,4,6,-2,205
"41400113","BOS","Avery Bradley, Isaiah Thomas, Jae Crowder, Jonas Jerebko, Tyler Zeller",18,66,74,66,74,1904,1904,0,0,0,0
"41400113","CLE","Iman Shumpert, Kevin Love, Kyrie Irving, LeBron James, Tristan Thompson",18,93,84,95,89,2548,2673,2,5,-3,125
"41400113","BOS","Avery Bradley, Brandon Bass, Isaiah Thomas, Jae Crowder, Jonas Jerebko",19,66,74,66,74,1904,1904,0,0,0,0
"41400113","CLE","JR Smith, Kevin Love, Kyrie Irving, LeBron James, Tristan Thompson",19,95,89,101,93,2673,2854,6,4,2,181
"41400113","BOS","Brandon Bass, Isaiah Thomas, Jae Crowder, Jonas Jerebko, Marcus Smart",20,66,74,66,74,1904,1904,0,0,0,0
"41400113","CLE","Iman Shumpert, JR Smith, Kyrie Irving, LeBron James, Tristan Thompson",20,101,93,101,95,2854,2863,0,2,-2,9
"41400113","BOS","Brandon Bass, Isaiah Thomas, Jae Crowder, Jared Sullinger, Marcus Smart",21,66,74,76,84,1904,2160,10,10,0,256
"41400113","CLE","Iman Shumpert, JR Smith, Kevin Love, Kyrie Irving, LeBron James",21,101,95,103,95,2863,2866,2,0,2,3
"41400113","BOS","Brandon Bass, Gigi Datome, Isaiah Thomas, Jared Sullinger, Marcus Smart",22,76,84,78,89,2160,2343,2,5,-3,183
"41400113","CLE","Iman Shumpert, JR Smith, Kyrie Irving, LeBron James, Tristan Thompson",22,103,95,103,95,2866,2880,0,0,0,14
"41400113","BOS","Evan Turner, Gigi Datome, Isaiah Thomas, Jared Sullinger, Marcus Smart",23,78,89,78,89,2343,2343,0,0,0,0
"41400113","BOS","Evan Turner, Gigi Datome, Isaiah Thomas, Jared Sullinger, Tyler Zeller",24,78,89,78,89,2343,2343,0,0,0,0
"41400113","BOS","Evan Turner, Gigi Datome, Isaiah Thomas, Jonas Jerebko, Tyler Zeller",25,78,89,78,89,2343,2343,0,0,0,0
"41400113","BOS","Avery Bradley, Evan Turner, Gigi Datome, Jonas Jerebko, Tyler Zeller",26,78,89,84,91,2343,2508,6,2,4,165
"41400113","BOS","Avery Bradley, Evan Turner, Jae Crowder, Jonas Jerebko, Tyler Zeller",27,84,91,93,98,2508,2806,9,7,2,298
"41400113","BOS","Avery Bradley, Brandon Bass, Evan Turner, Jae Crowder, Tyler Zeller",28,93,98,93,101,2806,2854,0,3,-3,48
"41400113","BOS","Avery Bradley, Evan Turner, Isaiah Thomas, Jae Crowder, Tyler Zeller",29,93,101,95,101,2854,2863,2,0,2,9
"41400113","BOS","Avery Bradley, Brandon Bass, Evan Turner, Isaiah Thomas, Jae Crowder",30,95,101,95,101,2863,2863,0,0,0,0
"41400113","BOS","Avery Bradley, Brandon Bass, Evan Turner, Jae Crowder, Marcus Smart",31,95,101,95,103,2863,2866,0,2,-2,3
"41400113","BOS","Avery Bradley, Brandon Bass, Isaiah Thomas, Jae Crowder, Marcus Smart",32,95,103,95,103,2866,2866,0,0,0,0
"41400113","BOS","Avery Bradley, Isaiah Thomas, Jae Crowder, Jared Sullinger, Marcus Smart",33,95,103,95,103,2866,2866,0,0,0,0
"41400113","BOS","Avery Bradley, Isaiah Thomas, Jared Sullinger, Marcus Smart, Tyler Zeller",34,95,103,95,103,2866,2866,0,0,0,0
"41400113","BOS","Avery Bradley, Gigi Datome, Isaiah Thomas, Jared Sullinger, Tyler Zeller",35,95,103,95,103,2866,2880,0,0,0,14
"41400114","BOS","Avery Bradley, Brandon Bass, Evan Turner, Jae Crowder, Tyler Zeller",0,0,0,8,16,0,262,8,16,-8,262
"41400114","CLE","JR Smith, Kevin Love, Kyrie Irving, LeBron James, Timofey Mozgov",0,0,0,19,10,0,398,19,10,9,398
"41400114","BOS","Avery Bradley, Brandon Bass, Isaiah Thomas, Jae Crowder, Tyler Zeller",1,8,16,10,18,262,334,2,2,0,72
"41400114","CLE","James Jones, JR Smith, Kyrie Irving, LeBron James, Timofey Mozgov",1,19,10,19,10,398,398,0,0,0,0
"41400114","BOS","Avery Bradley, Isaiah Thomas, Jae Crowder, Kelly Olynyk, Tyler Zeller",2,10,18,10,19,334,398,0,1,-1,64
"41400114","CLE","James Jones, JR Smith, Kyrie Irving, LeBron James, Tristan Thompson",2,19,10,22,15,398,532,3,5,-2,134
"41400114","BOS","Avery Bradley, Isaiah Thomas, Jonas Jerebko, Kelly Olynyk, Tyler Zeller",3,10,19,14,22,398,496,4,3,1,98
"41400114","CLE","Iman Shumpert, James Jones, Kyrie Irving, LeBron James, Tristan Thompson",3,22,15,22,15,532,552,0,0,0,20
"41400114","BOS","Avery Bradley, Isaiah Thomas, Jared Sullinger, Jonas Jerebko, Kelly Olynyk",4,14,22,19,26,496,670,5,4,1,174
"41400114","CLE","Iman Shumpert, James Jones, Kyrie Irving, LeBron James, Timofey Mozgov",4,22,15,26,17,552,622,4,2,2,70
"41400114","BOS","Gerald Wallace, Isaiah Thomas, Jared Sullinger, Jonas Jerebko, Kelly Olynyk",5,19,26,19,29,670,720,0,3,-3,50
"41400114","CLE","Iman Shumpert, James Jones, Kyrie Irving, Matthew Dellavedova, Timofey Mozgov",5,26,17,29,19,622,720,3,2,1,98
"41400114","BOS","Gerald Wallace, Isaiah Thomas, Jared Sullinger, Jonas Jerebko, Marcus Smart",6,19,29,23,32,720,809,4,3,1,89
"41400114","CLE","Iman Shumpert, James Jones, LeBron James, Matthew Dellavedova, Timofey Mozgov",6,29,19,35,23,720,918,6,4,2,198
"41400114","BOS","Evan Turner, Gerald Wallace, Jared Sullinger, Jonas Jerebko, Marcus Smart",7,23,32,23,32,809,809,0,0,0,0
"41400114","CLE","Iman Shumpert, James Jones, Kyrie Irving, LeBron James, Timofey Mozgov",7,35,23,35,23,918,918,0,0,0,0
"41400114","BOS","Evan Turner, Gerald Wallace, Jonas Jerebko, Marcus Smart, Tyler Zeller",8,23,32,23,35,809,891,0,3,-3,82
"41400114","CLE","Iman Shumpert, JR Smith, Kyrie Irving, LeBron James, Timofey Mozgov",8,35,23,41,28,918,1106,6,5,1,188
"41400114","BOS","Evan Turner, Jae Crowder, Jonas Jerebko, Marcus Smart, Tyler Zeller",9,23,35,23,35,891,891,0,0,0,0
"41400114","CLE","Iman Shumpert, JR Smith, Kyrie Irving, LeBron James, Tristan Thompson",9,41,28,44,32,1106,1228,3,4,-1,122
"41400114","BOS","Brandon Bass, Evan Turner, Jae Crowder, Marcus Smart, Tyler Zeller",10,23,35,23,39,891,997,0,4,-4,106
"41400114","CLE","Iman Shumpert, Kyrie Irving, LeBron James, Matthew Dellavedova, Tristan Thompson",10,44,32,51,32,1228,1298,7,0,7,70
"41400114","BOS","Avery Bradley, Brandon Bass, Evan Turner, Jae Crowder, Tyler Zeller",11,23,39,23,39,997,997,0,0,0,0
"41400114","CLE","Iman Shumpert, Kendrick Perkins, Kyrie Irving, LeBron James, Matthew Dellavedova",11,51,32,57,36,1298,1440,6,4,2,142
"41400114","BOS","Avery Bradley, Brandon Bass, Isaiah Thomas, Jae Crowder, Tyler Zeller",12,23,39,23,41,997,1044,0,2,-2,47
"41400114","CLE","JR Smith, Kyrie Irving, LeBron James, Timofey Mozgov, Tristan Thompson",12,57,36,57,38,1440,1536,0,2,-2,96
"41400114","BOS","Avery Bradley, Brandon Bass, Isaiah Thomas, Jae Crowder, Jared Sullinger",13,23,41,30,43,1044,1179,7,2,5,135
"41400114","CLE","Iman Shumpert, Kyrie Irving, LeBron James, Timofey Mozgov, Tristan Thompson",13,57,38,57,42,1536,1571,0,4,-4,35
"41400114","BOS","Avery Bradley, Isaiah Thomas, Jae Crowder, Jared Sullinger, Marcus Smart",14,30,43,32,51,1179,1298,2,8,-6,119
"41400114","CLE","Iman Shumpert, James Jones, Kyrie Irving, LeBron James, Timofey Mozgov",14,57,42,65,50,1571,1937,8,8,0,366
"41400114","BOS","Avery Bradley, Gigi Datome, Isaiah Thomas, Jae Crowder, Jared Sullinger",15,32,51,34,52,1298,1361,2,1,1,63
"41400114","CLE","Iman Shumpert, James Jones, Kendrick Perkins, Kyrie Irving, LeBron James",15,65,50,67,56,1937,2016,2,6,-4,79
"41400114","BOS","Avery Bradley, Gigi Datome, Isaiah Thomas, Jared Sullinger, Jonas Jerebko",16,34,52,36,52,1361,1379,2,0,2,18
"41400114","CLE","Iman Shumpert, Kendrick Perkins, Kyrie Irving, LeBron James, Matthew Dellavedova",16,67,56,67,56,2016,2038,0,0,0,22
"41400114","BOS","Avery Bradley, Isaiah Thomas, Jae Crowder, Jared Sullinger, Jonas Jerebko",17,36,52,36,57,1379,1440,0,5,-5,61
"41400114","CLE","Iman Shumpert, Kyrie Irving, LeBron James, Matthew Dellavedova, Tristan Thompson",17,67,56,70,59,2038,2128,3,3,0,90
"41400114","BOS","Avery Bradley, Brandon Bass, Evan Turner, Jae Crowder, Tyler Zeller",18,36,57,38,57,1440,1536,2,0,2,96
"41400114","CLE","Iman Shumpert, James Jones, LeBron James, Matthew Dellavedova, Tristan Thompson",18,70,59,70,61,2128,2213,0,2,-2,85
"41400114","BOS","Avery Bradley, Brandon Bass, Evan Turner, Isaiah Thomas, Tyler Zeller",19,38,57,42,57,1536,1634,4,0,4,98
"41400114","CLE","Iman Shumpert, James Jones, Kyrie Irving, LeBron James, Tristan Thompson",19,70,61,81,72,2213,2517,11,11,0,304
"41400114","BOS","Avery Bradley, Brandon Bass, Evan Turner, Isaiah Thomas, Jared Sullinger",20,42,57,49,65,1634,1911,7,8,-1,277
"41400114","CLE","Iman Shumpert, Kyrie Irving, LeBron James, Timofey Mozgov, Tristan Thompson",20,81,72,91,77,2517,2713,10,5,5,196
"41400114","BOS","Avery Bradley, Evan Turner, Isaiah Thomas, Jared Sullinger, Jonas Jerebko",21,49,65,56,67,1911,2016,7,2,5,105
"41400114","CLE","Iman Shumpert, Kyrie Irving, LeBron James, Matthew Dellavedova, Tristan Thompson",21,91,77,101,93,2713,2857,10,16,-6,144
"41400114","BOS","Avery Bradley, Evan Turner, Isaiah Thomas, Jonas Jerebko, Kelly Olynyk",22,56,67,56,67,2016,2016,0,0,0,0
"41400114","CLE","Iman Shumpert, James Jones, Kyrie Irving, LeBron James, Matthew Dellavedova",22,101,93,101,93,2857,2880,0,0,0,23
"41400114","BOS","Avery Bradley, Isaiah Thomas, Jonas Jerebko, Kelly Olynyk, Marcus Smart",23,56,67,58,67,2016,2087,2,0,2,71
"41400114","BOS","Isaiah Thomas, Jonas Jerebko, Kelly Olynyk, Marcus Smart, Phil Pressey",24,58,67,59,70,2087,2128,1,3,-2,41
"41400114","BOS","Isaiah Thomas, Jared Sullinger, Jonas Jerebko, Marcus Smart, Phil Pressey",25,59,70,61,70,2128,2213,2,0,2,85
"41400114","BOS","Avery Bradley, Jared Sullinger, Jonas Jerebko, Marcus Smart, Phil Pressey",26,61,70,64,72,2213,2327,3,2,1,114
"41400114","BOS","Avery Bradley, Isaiah Thomas, Jared Sullinger, Jonas Jerebko, Marcus Smart",27,64,72,67,77,2327,2405,3,5,-2,78
"41400114","BOS","Avery Bradley, Brandon Bass, Isaiah Thomas, Jared Sullinger, Marcus Smart",28,67,77,68,79,2405,2428,1,2,-1,23
"41400114","BOS","Avery Bradley, Brandon Bass, Isaiah Thomas, Kelly Olynyk, Marcus Smart",29,68,79,72,87,2428,2598,4,8,-4,170
"41400114","BOS","Avery Bradley, Brandon Bass, Isaiah Thomas, Jared Sullinger, Marcus Smart",30,72,87,72,87,2598,2598,0,0,0,0
"41400114","BOS","Avery Bradley, Isaiah Thomas, Jared Sullinger, Jonas Jerebko, Marcus Smart",31,72,87,77,91,2598,2713,5,4,1,115
"41400114","BOS","Avery Bradley, Gigi Datome, Isaiah Thomas, Jared Sullinger, Marcus Smart",32,77,91,89,98,2713,2832,12,7,5,119
"41400114","BOS","Avery Bradley, Brandon Bass, Isaiah Thomas, Jared Sullinger, Marcus Smart",33,89,98,93,99,2832,2844,4,1,3,12
"41400114","BOS","Avery Bradley, Gigi Datome, Isaiah Thomas, Jared Sullinger, Marcus Smart",34,93,99,93,101,2844,2857,0,2,-2,13
"41400114","BOS","Avery Bradley, Gigi Datome, Jared Sullinger, Jonas Jerebko, Marcus Smart",35,93,101,93,101,2857,2857,0,0,0,0
"41400114","BOS","Avery Bradley, Jared Sullinger, Jonas Jerebko, Marcus Smart, Phil Pressey",36,93,101,93,101,2857,2880,0,0,0,23
"41400121","CHI","Derrick Rose, Jimmy Butler, Joakim Noah, Mike Dunleavy, Pau Gasol",0,0,0,18,12,0,349,18,12,6,349
"41400121","MIL","Ersan Ilyasova, Giannis Antetokounmpo, Khris Middleton, Michael Carter-Williams, Zaza Pachulia",0,0,0,17,18,0,391,17,18,-1,391
"41400121","CHI","Jimmy Butler, Joakim Noah, Mike Dunleavy, Pau Gasol, Tony Snell",1,18,12,18,17,349,391,0,5,-5,42
"41400121","MIL","Ersan Ilyasova, Jerryd Bayless, Khris Middleton, Michael Carter-Williams, Zaza Pachulia",1,17,18,24,25,391,563,7,7,0,172
"41400121","CHI","Aaron Brooks, Jimmy Butler, Joakim Noah, Mike Dunleavy, Pau Gasol",2,18,17,25,24,391,563,7,7,0,172
"41400121","MIL","Ersan Ilyasova, Jerryd Bayless, Khris Middleton, O.J. Mayo, Zaza Pachulia",2,24,25,24,25,563,563,0,0,0,0
"41400121","CHI","Aaron Brooks, Jimmy Butler, Mike Dunleavy, Pau Gasol, Taj Gibson",3,25,24,27,27,563,633,2,3,-1,70
"41400121","MIL","Ersan Ilyasova, Jerryd Bayless, John Henson, Khris Middleton, O.J. Mayo",3,24,25,27,27,563,633,3,2,1,70
"41400121","CHI","Aaron Brooks, Jimmy Butler, Nikola Mirotic, Pau Gasol, Taj Gibson",4,27,27,30,29,633,720,3,2,1,87
"41400121","MIL","Ersan Ilyasova, Giannis Antetokounmpo, Jerryd Bayless, John Henson, O.J. Mayo",4,27,27,29,30,633,720,2,3,-1,87
"41400121","CHI","Aaron Brooks, Joakim Noah, Nikola Mirotic, Taj Gibson, Tony Snell",5,30,29,42,35,720,954,12,6,6,234
"41400121","MIL","Giannis Antetokounmpo, Jared Dudley, Jerryd Bayless, John Henson, O.J. Mayo",5,29,30,32,39,720,907,3,9,-6,187
"41400121","CHI","Derrick Rose, Joakim Noah, Nikola Mirotic, Taj Gibson, Tony Snell",6,42,35,46,43,954,1084,4,8,-4,130
"41400121","MIL","Giannis Antetokounmpo, Jared Dudley, John Henson, Michael Carter-Williams, O.J. Mayo",6,32,39,41,46,907,1024,9,7,2,117
"41400121","CHI","Derrick Rose, Jimmy Butler, Joakim Noah, Nikola Mirotic, Taj Gibson",7,46,43,46,43,1084,1084,0,0,0,0
"41400121","MIL","Giannis Antetokounmpo, Jared Dudley, Michael Carter-Williams, O.J. Mayo, Zaza Pachulia",7,41,46,43,46,1024,1084,2,0,2,60
"41400121","CHI","Derrick Rose, Jimmy Butler, Joakim Noah, Mike Dunleavy, Taj Gibson",8,46,43,48,47,1084,1200,2,4,-2,116
"41400121","MIL","Giannis Antetokounmpo, Jared Dudley, Khris Middleton, Michael Carter-Williams, Zaza Pachulia",8,43,46,43,46,1084,1084,0,0,0,0
"41400121","CHI","Derrick Rose, Jimmy Butler, Mike Dunleavy, Pau Gasol, Taj Gibson",9,48,47,57,49,1200,1343,9,2,7,143
"41400121","MIL","Ersan Ilyasova, Giannis Antetokounmpo, Khris Middleton, Michael Carter-Williams, Zaza Pachulia",9,43,46,49,53,1084,1266,6,7,-1,182
"41400121","CHI","Aaron Brooks, Jimmy Butler, Mike Dunleavy, Pau Gasol, Taj Gibson",10,57,49,59,49,1343,1361,2,0,2,18
"41400121","MIL","Ersan Ilyasova, Giannis Antetokounmpo, John Henson, Khris Middleton, Michael Carter-Williams",10,49,53,49,60,1266,1405,0,7,-7,139
"41400121","CHI","Jimmy Butler, Mike Dunleavy, Pau Gasol, Taj Gibson, Tony Snell",11,59,49,59,49,1361,1384,0,0,0,23
"41400121","MIL","Ersan Ilyasova, John Henson, Khris Middleton, Michael Carter-Williams, O.J. Mayo",11,49,60,51,60,1405,1436,2,0,2,31
"41400121","CHI","Aaron Brooks, Jimmy Butler, Mike Dunleavy, Pau Gasol, Taj Gibson",12,59,49,60,49,1384,1405,1,0,1,21
"41400121","MIL","Ersan Ilyasova, Jerryd Bayless, John Henson, Michael Carter-Williams, O.J. Mayo",12,51,60,51,60,1436,1440,0,0,0,4
"41400121","CHI","Aaron Brooks, Jimmy Butler, Joakim Noah, Mike Dunleavy, Taj Gibson",13,60,49,60,49,1405,1405,0,0,0,0
"41400121","MIL","Ersan Ilyasova, Giannis Antetokounmpo, Khris Middleton, Michael Carter-Williams, Zaza Pachulia",13,51,60,57,62,1440,1605,6,2,4,165
"41400121","CHI","Jimmy Butler, Joakim Noah, Mike Dunleavy, Taj Gibson, Tony Snell",14,60,49,60,51,1405,1419,0,2,-2,14
"41400121","MIL","Ersan Ilyasova, Giannis Antetokounmpo, John Henson, Khris Middleton, Michael Carter-Williams",14,57,62,59,66,1605,1710,2,4,-2,105
"41400121","CHI","Aaron Brooks, Jimmy Butler, Joakim Noah, Mike Dunleavy, Taj Gibson",15,60,51,60,51,1419,1419,0,0,0,0
"41400121","MIL","Ersan Ilyasova, John Henson, Khris Middleton, Michael Carter-Williams, O.J. Mayo",15,59,66,64,74,1710,1847,5,8,-3,137
"41400121","CHI","Aaron Brooks, Jimmy Butler, Joakim Noah, Mike Dunleavy, Pau Gasol",16,60,51,60,51,1419,1436,0,0,0,17
"41400121","MIL","Ersan Ilyasova, Jerryd Bayless, John Henson, Michael Carter-Williams, O.J. Mayo",16,64,74,68,81,1847,1979,4,7,-3,132
"41400121","CHI","Aaron Brooks, Jimmy Butler, Mike Dunleavy, Nikola Mirotic, Pau Gasol",17,60,51,60,51,1436,1440,0,0,0,4
"41400121","MIL","Jerryd Bayless, John Henson, Khris Middleton, Michael Carter-Williams, O.J. Mayo",17,68,81,68,81,1979,1979,0,0,0,0
"41400121","CHI","Derrick Rose, Jimmy Butler, Joakim Noah, Mike Dunleavy, Pau Gasol",18,60,51,81,68,1440,1954,21,17,4,514
"41400121","MIL","Jared Dudley, Jerryd Bayless, John Henson, Khris Middleton, O.J. Mayo",18,68,81,79,91,1979,2338,11,10,1,359
"41400121","CHI","Derrick Rose, Jimmy Butler, Mike Dunleavy, Pau Gasol, Taj Gibson",19,81,68,81,68,1954,1979,0,0,0,25
"41400121","MIL","Jared Dudley, Jerryd Bayless, Khris Middleton, O.J. Mayo, Zaza Pachulia",19,79,91,79,91,2338,2353,0,0,0,15
"41400121","CHI","Aaron Brooks, Jimmy Butler, Mike Dunleavy, Pau Gasol, Taj Gibson",20,81,68,84,73,1979,2095,3,5,-2,116
"41400121","MIL","Giannis Antetokounmpo, Jerryd Bayless, Khris Middleton, O.J. Mayo, Zaza Pachulia",20,79,91,79,91,2353,2472,0,0,0,119
"41400121","CHI","Aaron Brooks, Mike Dunleavy, Pau Gasol, Taj Gibson, Tony Snell",21,84,73,86,75,2095,2160,2,2,0,65
"41400121","MIL","Giannis Antetokounmpo, Jerryd Bayless, Michael Carter-Williams, O.J. Mayo, Zaza Pachulia",21,79,91,83,93,2472,2575,4,2,2,103
"41400121","CHI","Aaron Brooks, Joakim Noah, Nikola Mirotic, Taj Gibson, Tony Snell",22,86,75,91,79,2160,2375,5,4,1,215
"41400121","MIL","Ersan Ilyasova, Giannis Antetokounmpo, Jerryd Bayless, Michael Carter-Williams, Zaza Pachulia",22,83,93,85,101,2575,2697,2,8,-6,122
"41400121","CHI","Aaron Brooks, Nikola Mirotic, Pau Gasol, Taj Gibson, Tony Snell",23,91,79,91,79,2375,2472,0,0,0,97
"41400121","MIL","Ersan Ilyasova, Giannis Antetokounmpo, Jerryd Bayless, John Henson, Michael Carter-Williams",23,85,101,85,101,2697,2697,0,0,0,0
"41400121","CHI","Aaron Brooks, Jimmy Butler, Nikola Mirotic, Pau Gasol, Taj Gibson",24,91,79,91,79,2472,2472,0,0,0,0
"41400121","MIL","Ersan Ilyasova, Giannis Antetokounmpo, John Henson, Khris Middleton, Michael Carter-Williams",24,85,101,91,103,2697,2880,6,2,4,183
"41400121","CHI","Derrick Rose, Jimmy Butler, Nikola Mirotic, Pau Gasol, Taj Gibson",25,91,79,91,81,2472,2514,0,2,-2,42
"41400121","CHI","Derrick Rose, Jimmy Butler, Mike Dunleavy, Pau Gasol, Taj Gibson",26,91,81,93,83,2514,2575,2,2,0,61
"41400121","CHI","Derrick Rose, Jimmy Butler, Joakim Noah, Mike Dunleavy, Pau Gasol",27,93,83,103,89,2575,2829,10,6,4,254
"41400121","CHI","Aaron Brooks, Jimmy Butler, Joakim Noah, Mike Dunleavy, Pau Gasol",28,103,89,103,89,2829,2829,0,0,0,0
"41400121","CHI","Aaron Brooks, Joakim Noah, Mike Dunleavy, Pau Gasol, Tony Snell",29,103,89,103,91,2829,2880,0,2,-2,51
"41400122","CHI","Derrick Rose, Jimmy Butler, Joakim Noah, Mike Dunleavy, Pau Gasol",0,0,0,6,9,0,460,6,9,-3,460
"41400122","MIL","Ersan Ilyasova, Giannis Antetokounmpo, Khris Middleton, Michael Carter-Williams, Zaza Pachulia",0,0,0,7,4,0,392,7,4,3,392
"41400122","CHI","Derrick Rose, Jimmy Butler, Mike Dunleavy, Pau Gasol, Taj Gibson",1,6,9,9,13,460,640,3,4,-1,180
"41400122","MIL","Ersan Ilyasova, Giannis Antetokounmpo, John Henson, Khris Middleton, Michael Carter-Williams",1,7,4,9,6,392,460,2,2,0,68
"41400122","CHI","Derrick Rose, Jimmy Butler, Pau Gasol, Taj Gibson, Tony Snell",2,9,13,9,13,640,640,0,0,0,0
"41400122","MIL","Giannis Antetokounmpo, Jared Dudley, John Henson, Khris Middleton, Michael Carter-Williams",2,9,6,13,9,460,640,4,3,1,180
"41400122","CHI","Derrick Rose, Nikola Mirotic, Pau Gasol, Taj Gibson, Tony Snell",3,9,13,11,16,640,720,2,3,-1,80
"41400122","MIL","Giannis Antetokounmpo, Jared Dudley, Jerryd Bayless, John Henson, Michael Carter-Williams",3,13,9,13,9,640,640,0,0,0,0
"41400122","CHI","Aaron Brooks, Joakim Noah, Nikola Mirotic, Taj Gibson, Tony Snell",4,11,16,11,18,720,760,0,2,-2,40
"41400122","MIL","Giannis Antetokounmpo, Jared Dudley, Jerryd Bayless, John Henson, O.J. Mayo",4,13,9,20,16,640,836,7,7,0,196
"41400122","CHI","Aaron Brooks, Jimmy Butler, Joakim Noah, Nikola Mirotic, Tony Snell",5,11,18,20,21,760,965,9,3,6,205
"41400122","MIL","Jared Dudley, Jerryd Bayless, John Henson, Khris Middleton, O.J. Mayo",5,20,16,20,16,836,869,0,0,0,33
"41400122","CHI","Derrick Rose, Jimmy Butler, Joakim Noah, Nikola Mirotic, Tony Snell",6,20,21,24,27,965,1108,4,6,-2,143
"41400122","MIL","Ersan Ilyasova, Jerryd Bayless, John Henson, Khris Middleton, O.J. Mayo",6,20,16,20,18,869,907,0,2,-2,38
"41400122","CHI","Derrick Rose, Jimmy Butler, Joakim Noah, Mike Dunleavy, Nikola Mirotic",7,24,27,25,29,1108,1142,1,2,-1,34
"41400122","MIL","Ersan Ilyasova, Jerryd Bayless, Khris Middleton, O.J. Mayo, Zaza Pachulia",7,20,18,21,20,907,952,1,2,-1,45
"41400122","CHI","Derrick Rose, Jimmy Butler, Mike Dunleavy, Nikola Mirotic, Pau Gasol",8,25,29,39,38,1142,1440,14,9,5,298
"41400122","MIL","Ersan Ilyasova, Khris Middleton, Michael Carter-Williams, O.J. Mayo, Zaza Pachulia",8,21,20,31,28,952,1212,10,8,2,260
"41400122","CHI","Derrick Rose, Jimmy Butler, Joakim Noah, Mike Dunleavy, Pau Gasol",9,39,38,57,58,1440,1886,18,20,-2,446
"41400122","MIL","Ersan Ilyasova, John Henson, Khris Middleton, Michael Carter-Williams, O.J. Mayo",9,31,28,31,28,1212,1228,0,0,0,16
"41400122","CHI","Derrick Rose, Jimmy Butler, Mike Dunleavy, Pau Gasol, Taj Gibson",10,57,58,68,64,1886,2040,11,6,5,154
"41400122","MIL","Ersan Ilyasova, Jerryd Bayless, John Henson, Khris Middleton, O.J. Mayo",10,31,28,31,32,1228,1268,0,4,-4,40
"41400122","CHI","Aaron Brooks, Jimmy Butler, Mike Dunleavy, Pau Gasol, Taj Gibson",11,68,64,71,68,2040,2160,3,4,-1,120
"41400122","MIL","Jared Dudley, Jerryd Bayless, John Henson, Khris Middleton, O.J. Mayo",11,31,32,31,32,1268,1268,0,0,0,0
"41400122","CHI","Aaron Brooks, Jimmy Butler, Joakim Noah, Taj Gibson, Tony Snell",12,71,68,71,68,2160,2171,0,0,0,11
"41400122","MIL","Giannis Antetokounmpo, Jared Dudley, Jerryd Bayless, John Henson, Khris Middleton",12,31,32,38,39,1268,1440,7,7,0,172
"41400122","CHI","Aaron Brooks, Jimmy Butler, Joakim Noah, Nikola Mirotic, Taj Gibson",13,71,68,71,72,2171,2246,0,4,-4,75
"41400122","MIL","Ersan Ilyasova, Giannis Antetokounmpo, Khris Middleton, Michael Carter-Williams, Zaza Pachulia",13,38,39,53,55,1440,1829,15,16,-1,389
"41400122","CHI","Aaron Brooks, Jimmy Butler, Joakim Noah, Mike Dunleavy, Nikola Mirotic",14,71,72,75,74,2246,2390,4,2,2,144
"41400122","MIL","Ersan Ilyasova, Khris Middleton, Michael Carter-Williams, O.J. Mayo, Zaza Pachulia",14,53,55,53,55,1829,1829,0,0,0,0
"41400122","CHI","Aaron Brooks, Derrick Rose, Jimmy Butler, Joakim Noah, Nikola Mirotic",15,75,74,75,74,2390,2390,0,0,0,0
"41400122","MIL","Ersan Ilyasova, John Henson, Khris Middleton, Michael Carter-Williams, O.J. Mayo",15,53,55,62,67,1829,2005,9,12,-3,176
"41400122","CHI","Derrick Rose, Jimmy Butler, Joakim Noah, Nikola Mirotic, Tony Snell",16,75,74,85,78,2390,2603,10,4,6,213
"41400122","MIL","Jared Dudley, John Henson, Khris Middleton, Michael Carter-Williams, O.J. Mayo",16,62,67,62,67,2005,2005,0,0,0,0
"41400122","CHI","Derrick Rose, Jimmy Butler, Nikola Mirotic, Pau Gasol, Tony Snell",17,85,78,89,80,2603,2712,4,2,2,109
"41400122","MIL","Giannis Antetokounmpo, Jared Dudley, John Henson, Michael Carter-Williams, O.J. Mayo",17,62,67,62,67,2005,2005,0,0,0,0
"41400122","CHI","Derrick Rose, Jimmy Butler, Mike Dunleavy, Pau Gasol, Tony Snell",18,89,80,89,80,2712,2712,0,0,0,0
"41400122","MIL","Giannis Antetokounmpo, Jared Dudley, Jerryd Bayless, John Henson, O.J. Mayo",18,62,67,74,75,2005,2390,12,8,4,385
"41400122","CHI","Derrick Rose, Jimmy Butler, Joakim Noah, Mike Dunleavy, Pau Gasol",19,89,80,91,82,2712,2880,2,2,0,168
"41400122","MIL","Giannis Antetokounmpo, Jared Dudley, John Henson, Michael Carter-Williams, O.J. Mayo",19,74,75,74,75,2390,2390,0,0,0,0
"41400122","MIL","Giannis Antetokounmpo, Jared Dudley, John Henson, Khris Middleton, Michael Carter-Williams",20,74,75,74,78,2390,2446,0,3,-3,56
"41400122","MIL","Giannis Antetokounmpo, Jared Dudley, Khris Middleton, Michael Carter-Williams, Zaza Pachulia",21,74,78,74,78,2446,2446,0,0,0,0
"41400122","MIL","Giannis Antetokounmpo, Khris Middleton, Michael Carter-Williams, O.J. Mayo, Zaza Pachulia",22,74,78,80,89,2446,2712,6,11,-5,266
"41400122","MIL","Giannis Antetokounmpo, John Henson, Khris Middleton, Michael Carter-Williams, O.J. Mayo",23,80,89,82,91,2712,2880,2,2,0,168
"41400123","CHI","Derrick Rose, Jimmy Butler, Joakim Noah, Mike Dunleavy, Pau Gasol",0,0,0,18,18,0,519,18,18,0,519
"41400123","MIL","Ersan Ilyasova, Giannis Antetokounmpo, Khris Middleton, Michael Carter-Williams, Zaza Pachulia",0,0,0,11,15,0,373,11,15,-4,373
"41400123","CHI","Derrick Rose, Joakim Noah, Mike Dunleavy, Pau Gasol, Tony Snell",1,18,18,18,18,519,519,0,0,0,0
"41400123","MIL","Ersan Ilyasova, Giannis Antetokounmpo, John Henson, Khris Middleton, Michael Carter-Williams",1,11,15,25,20,373,628,14,5,9,255
"41400123","CHI","Derrick Rose, Mike Dunleavy, Pau Gasol, Taj Gibson, Tony Snell",2,18,18,20,25,519,628,2,7,-5,109
"41400123","MIL","Giannis Antetokounmpo, Jared Dudley, John Henson, Khris Middleton, Michael Carter-Williams",2,25,20,27,27,628,720,2,7,-5,92
"41400123","CHI","Derrick Rose, Kirk Hinrich, Pau Gasol, Taj Gibson, Tony Snell",3,20,25,27,27,628,720,7,2,5,92
"41400123","MIL","Giannis Antetokounmpo, Jared Dudley, Jerryd Bayless, John Henson, O.J. Mayo",3,27,27,46,31,720,1077,19,4,15,357
"41400123","CHI","Aaron Brooks, Joakim Noah, Kirk Hinrich, Taj Gibson, Tony Snell",4,27,27,27,28,720,818,0,1,-1,98
"41400123","MIL","Giannis Antetokounmpo, Jared Dudley, Jerryd Bayless, O.J. Mayo, Zaza Pachulia",4,46,31,46,31,1077,1077,0,0,0,0
"41400123","CHI","Aaron Brooks, Jimmy Butler, Joakim Noah, Kirk Hinrich, Taj Gibson",5,27,28,31,41,818,1007,4,13,-9,189
"41400123","MIL","Jared Dudley, Jerryd Bayless, Khris Middleton, O.J. Mayo, Zaza Pachulia",5,46,31,49,33,1077,1196,3,2,1,119
"41400123","CHI","Derrick Rose, Jimmy Butler, Joakim Noah, Kirk Hinrich, Taj Gibson",6,31,41,31,41,1007,1007,0,0,0,0
"41400123","MIL","Jared Dudley, Khris Middleton, Michael Carter-Williams, O.J. Mayo, Zaza Pachulia",6,49,33,51,40,1196,1269,2,7,-5,73
"41400123","CHI","Derrick Rose, Jimmy Butler, Joakim Noah, Mike Dunleavy, Taj Gibson",7,31,41,31,46,1007,1077,0,5,-5,70
"41400123","MIL","Ersan Ilyasova, Khris Middleton, Michael Carter-Williams, O.J. Mayo, Zaza Pachulia",7,51,40,51,40,1269,1269,0,0,0,0
"41400123","CHI","Derrick Rose, Jimmy Butler, Joakim Noah, Mike Dunleavy, Pau Gasol",8,31,46,38,51,1077,1252,7,5,2,175
"41400123","MIL","Ersan Ilyasova, Giannis Antetokounmpo, Khris Middleton, Michael Carter-Williams, Zaza Pachulia",8,51,40,67,66,1269,1852,16,26,-10,583
"41400123","CHI","Derrick Rose, Jimmy Butler, Mike Dunleavy, Pau Gasol, Taj Gibson",9,38,51,49,53,1252,1440,11,2,9,188
"41400123","MIL","Ersan Ilyasova, Giannis Antetokounmpo, John Henson, Khris Middleton, Michael Carter-Williams",9,67,66,67,69,1852,1915,0,3,-3,63
"41400123","CHI","Derrick Rose, Jimmy Butler, Joakim Noah, Mike Dunleavy, Pau Gasol",10,49,53,69,67,1440,1915,20,14,6,475
"41400123","MIL","Ersan Ilyasova, Giannis Antetokounmpo, Jerryd Bayless, John Henson, Khris Middleton",10,67,69,67,74,1915,1968,0,5,-5,53
"41400123","CHI","Derrick Rose, Jimmy Butler, Mike Dunleavy, Pau Gasol, Taj Gibson",11,69,67,74,69,1915,2047,5,2,3,132
"41400123","MIL","Giannis Antetokounmpo, Jared Dudley, Jerryd Bayless, John Henson, Khris Middleton",11,67,74,71,74,1968,2160,4,0,4,192
"41400123","CHI","Aaron Brooks, Jimmy Butler, Mike Dunleavy, Pau Gasol, Taj Gibson",12,74,69,74,71,2047,2160,0,2,-2,113
"41400123","MIL","Giannis Antetokounmpo, Jared Dudley, Jerryd Bayless, John Henson, O.J. Mayo",12,71,74,72,76,2160,2316,1,2,-1,156
"41400123","CHI","Aaron Brooks, Jimmy Butler, Joakim Noah, Taj Gibson, Tony Snell",13,74,71,79,72,2160,2347,5,1,4,187
"41400123","MIL","Giannis Antetokounmpo, Jared Dudley, John Henson, Michael Carter-Williams, O.J. Mayo",13,72,76,72,79,2316,2347,0,3,-3,31
"41400123","CHI","Derrick Rose, Jimmy Butler, Joakim Noah, Taj Gibson, Tony Snell",14,79,72,94,86,2347,2754,15,14,1,407
"41400123","MIL","Jared Dudley, John Henson, Khris Middleton, Michael Carter-Williams, O.J. Mayo",14,72,79,78,88,2347,2558,6,9,-3,211
"41400123","CHI","Derrick Rose, Jimmy Butler, Pau Gasol, Taj Gibson, Tony Snell",15,94,86,94,93,2754,2857,0,7,-7,103
"41400123","MIL","Giannis Antetokounmpo, John Henson, Khris Middleton, Michael Carter-Williams, O.J. Mayo",15,78,88,95,95,2558,2876,17,7,10,318
"41400123","CHI","Derrick Rose, Jimmy Butler, Joakim Noah, Taj Gibson, Tony Snell",16,94,93,95,95,2857,2880,1,2,-1,23
"41400123","MIL","Giannis Antetokounmpo, John Henson, Khris Middleton, Michael Carter-Williams, Zaza Pachulia",16,95,95,95,95,2876,2876,0,0,0,0
"41400123","CHI","Derrick Rose, Jimmy Butler, Joakim Noah, Pau Gasol, Tony Snell",17,95,95,101,101,2880,3097,6,6,0,217
"41400123","MIL","Giannis Antetokounmpo, John Henson, Khris Middleton, Michael Carter-Williams, O.J. Mayo",17,95,95,106,113,2876,3480,11,18,-7,604
"41400123","CHI","Derrick Rose, Jimmy Butler, Joakim Noah, Taj Gibson, Tony Snell",18,101,101,101,101,3097,3136,0,0,0,39
"41400123","CHI","Derrick Rose, Jimmy Butler, Joakim Noah, Pau Gasol, Tony Snell",19,101,101,113,106,3136,3480,12,5,7,344
"41400124","CHI","Derrick Rose, Jimmy Butler, Joakim Noah, Mike Dunleavy, Pau Gasol",0,0,0,11,11,0,413,11,11,0,413
"41400124","MIL","Ersan Ilyasova, Giannis Antetokounmpo, Khris Middleton, Michael Carter-Williams, Zaza Pachulia",0,0,0,11,11,0,375,11,11,0,375
"41400124","CHI","Derrick Rose, Jimmy Butler, Mike Dunleavy, Pau Gasol, Taj Gibson",1,11,11,21,17,413,621,10,6,4,208
"41400124","MIL","Ersan Ilyasova, Giannis Antetokounmpo, John Henson, Khris Middleton, Michael Carter-Williams",1,11,11,17,21,375,621,6,10,-4,246
"41400124","CHI","Derrick Rose, Jimmy Butler, Nikola Mirotic, Pau Gasol, Taj Gibson",2,21,17,23,17,621,658,2,0,2,37
"41400124","MIL","Giannis Antetokounmpo, John Henson, Khris Middleton, Michael Carter-Williams, O.J. Mayo",2,17,21,17,21,621,621,0,0,0,0
"41400124","CHI","Aaron Brooks, Jimmy Butler, Nikola Mirotic, Pau Gasol, Taj Gibson",3,23,17,23,19,658,720,0,2,-2,62
"41400124","MIL","Giannis Antetokounmpo, Jared Dudley, John Henson, Michael Carter-Williams, O.J. Mayo",3,17,21,17,23,621,648,0,2,-2,27
"41400124","CHI","Aaron Brooks, Jimmy Butler, Joakim Noah, Nikola Mirotic, Taj Gibson",4,23,19,25,19,720,757,2,0,2,37
"41400124","MIL","Giannis Antetokounmpo, Jared Dudley, Jerryd Bayless, John Henson, O.J. Mayo",4,17,23,19,23,648,720,2,0,2,72
"41400124","CHI","Aaron Brooks, Joakim Noah, Nikola Mirotic, Taj Gibson, Tony Snell",5,25,19,30,35,757,996,5,16,-11,239
"41400124","MIL","Jared Dudley, Jerryd Bayless, John Henson, Khris Middleton, O.J. Mayo",5,19,23,29,30,720,942,10,7,3,222
"41400124","CHI","Derrick Rose, Joakim Noah, Nikola Mirotic, Taj Gibson, Tony Snell",6,30,35,30,37,996,1011,0,2,-2,15
"41400124","MIL","Jared Dudley, Jerryd Bayless, Khris Middleton, O.J. Mayo, Zaza Pachulia",6,29,30,46,39,942,1279,17,9,8,337
"41400124","CHI","Derrick Rose, Jimmy Butler, Joakim Noah, Nikola Mirotic, Taj Gibson",7,30,37,30,37,1011,1038,0,0,0,27
"41400124","MIL","Jared Dudley, Jerryd Bayless, John Henson, Khris Middleton, O.J. Mayo",7,46,39,46,39,1279,1279,0,0,0,0
"41400124","CHI","Derrick Rose, Jimmy Butler, Joakim Noah, Mike Dunleavy, Taj Gibson",8,30,37,32,40,1038,1091,2,3,-1,53
"41400124","MIL","Jared Dudley, Jerryd Bayless, John Henson, Khris Middleton, Michael Carter-Williams",8,46,39,46,39,1279,1283,0,0,0,4
"41400124","CHI","Derrick Rose, Jimmy Butler, Mike Dunleavy, Pau Gasol, Taj Gibson",9,32,40,37,46,1091,1242,5,6,-1,151
"41400124","MIL","Giannis Antetokounmpo, Jerryd Bayless, John Henson, Khris Middleton, Michael Carter-Williams",9,46,39,50,50,1283,1440,4,11,-7,157
"41400124","CHI","Derrick Rose, Jimmy Butler, Mike Dunleavy, Nikola Mirotic, Pau Gasol",10,37,46,47,50,1242,1432,10,4,6,190
"41400124","MIL","Ersan Ilyasova, Giannis Antetokounmpo, Khris Middleton, Michael Carter-Williams, Zaza Pachulia",10,50,50,60,59,1440,1810,10,9,1,370
"41400124","CHI","Derrick Rose, Jimmy Butler, Joakim Noah, Mike Dunleavy, Nikola Mirotic",11,47,50,47,50,1432,1432,0,0,0,0
"41400124","MIL","Giannis Antetokounmpo, Jared Dudley, Khris Middleton, Michael Carter-Williams, Zaza Pachulia",11,60,59,71,70,1810,2074,11,11,0,264
"41400124","CHI","Derrick Rose, Jimmy Butler, Joakim Noah, Mike Dunleavy, Taj Gibson",12,47,50,47,50,1432,1436,0,0,0,4
"41400124","MIL","Giannis Antetokounmpo, Jared Dudley, John Henson, Khris Middleton, Michael Carter-Williams",12,71,70,71,71,2074,2128,0,1,-1,54
"41400124","CHI","Derrick Rose, Jimmy Butler, Mike Dunleavy, Pau Gasol, Taj Gibson",13,47,50,47,50,1436,1436,0,0,0,0
"41400124","MIL","Jared Dudley, John Henson, Khris Middleton, Michael Carter-Williams, O.J. Mayo",13,71,71,73,71,2128,2160,2,0,2,32
"41400124","CHI","Derrick Rose, Jimmy Butler, Mike Dunleavy, Nikola Mirotic, Pau Gasol",14,47,50,50,50,1436,1440,3,0,3,4
"41400124","MIL","Jared Dudley, Jerryd Bayless, John Henson, Khris Middleton, O.J. Mayo",14,73,71,92,90,2160,2880,19,19,0,720
"41400124","CHI","Derrick Rose, Jimmy Butler, Joakim Noah, Mike Dunleavy, Pau Gasol",15,50,50,66,69,1440,1995,16,19,-3,555
"41400124","CHI","Derrick Rose, Jimmy Butler, Mike Dunleavy, Pau Gasol, Taj Gibson",16,66,69,68,69,1995,2024,2,0,2,29
"41400124","CHI","Derrick Rose, Mike Dunleavy, Pau Gasol, Taj Gibson, Tony Snell",17,68,69,71,73,2024,2160,3,4,-1,136
"41400124","CHI","Aaron Brooks, Joakim Noah, Mike Dunleavy, Taj Gibson, Tony Snell",18,71,73,71,75,2160,2216,0,2,-2,56
"41400124","CHI","Aaron Brooks, Jimmy Butler, Joakim Noah, Mike Dunleavy, Taj Gibson",19,71,75,71,75,2216,2250,0,0,0,34
"41400124","CHI","Aaron Brooks, Jimmy Butler, Joakim Noah, Nikola Mirotic, Taj Gibson",20,71,75,73,80,2250,2338,2,5,-3,88
"41400124","CHI","Derrick Rose, Jimmy Butler, Joakim Noah, Nikola Mirotic, Taj Gibson",21,73,80,79,87,2338,2607,6,7,-1,269
"41400124","CHI","Derrick Rose, Jimmy Butler, Nikola Mirotic, Pau Gasol, Taj Gibson",22,79,87,79,87,2607,2607,0,0,0,0
"41400124","CHI","Derrick Rose, Jimmy Butler, Mike Dunleavy, Nikola Mirotic, Pau Gasol",23,79,87,90,90,2607,2842,11,3,8,235
"41400124","CHI","Derrick Rose, Jimmy Butler, Nikola Mirotic, Pau Gasol, Taj Gibson",24,90,90,90,90,2842,2842,0,0,0,0
"41400124","CHI","Derrick Rose, Jimmy Butler, Kirk Hinrich, Nikola Mirotic, Taj Gibson",25,90,90,90,90,2842,2842,0,0,0,0
"41400124","CHI","Derrick Rose, Jimmy Butler, Joakim Noah, Kirk Hinrich, Taj Gibson",26,90,90,90,92,2842,2880,0,2,-2,38
"41400125","CHI","Derrick Rose, Jimmy Butler, Joakim Noah, Mike Dunleavy, Pau Gasol",0,0,0,16,13,0,557,16,13,3,557
"41400125","MIL","Ersan Ilyasova, Giannis Antetokounmpo, Khris Middleton, Michael Carter-Williams, Zaza Pachulia",0,0,0,13,16,0,557,13,16,-3,557
"41400125","CHI","Derrick Rose, Jimmy Butler, Mike Dunleavy, Pau Gasol, Taj Gibson",1,16,13,21,13,557,628,5,0,5,71
"41400125","MIL","Giannis Antetokounmpo, Jared Dudley, Khris Middleton, Michael Carter-Williams, Zaza Pachulia",1,13,16,13,16,557,557,0,0,0,0
"41400125","CHI","Derrick Rose, Kirk Hinrich, Mike Dunleavy, Pau Gasol, Taj Gibson",2,21,13,22,16,628,659,1,3,-2,31
"41400125","MIL","Giannis Antetokounmpo, Jared Dudley, John Henson, Khris Middleton, Michael Carter-Williams",2,13,16,13,21,557,618,0,5,-5,61
"41400125","CHI","Derrick Rose, Kirk Hinrich, Nikola Mirotic, Pau Gasol, Taj Gibson",3,22,16,22,23,659,720,0,7,-7,61
"41400125","MIL","Jared Dudley, John Henson, Khris Middleton, Michael Carter-Williams, O.J. Mayo",3,13,21,16,22,618,659,3,1,2,41
"41400125","CHI","Aaron Brooks, Jimmy Butler, Joakim Noah, Nikola Mirotic, Taj Gibson",4,22,23,24,27,720,820,2,4,-2,100
"41400125","MIL","Ersan Ilyasova, John Henson, Khris Middleton, Michael Carter-Williams, O.J. Mayo",4,16,22,23,22,659,720,7,0,7,61
"41400125","CHI","Aaron Brooks, Jimmy Butler, Joakim Noah, Nikola Mirotic, Tony Snell",5,24,27,33,32,820,1015,9,5,4,195
"41400125","MIL","Ersan Ilyasova, Jerryd Bayless, John Henson, Khris Middleton, O.J. Mayo",5,23,22,29,26,720,854,6,4,2,134
"41400125","CHI","Derrick Rose, Jimmy Butler, Joakim Noah, Nikola Mirotic, Tony Snell",6,33,32,37,37,1015,1084,4,5,-1,69
"41400125","MIL","Ersan Ilyasova, Giannis Antetokounmpo, Jerryd Bayless, John Henson, O.J. Mayo",6,29,26,32,33,854,1015,3,7,-4,161
"41400125","CHI","Derrick Rose, Jimmy Butler, Joakim Noah, Mike Dunleavy, Nikola Mirotic",7,37,37,42,42,1084,1219,5,5,0,135
"41400125","MIL","Ersan Ilyasova, Giannis Antetokounmpo, Jerryd Bayless, O.J. Mayo, Zaza Pachulia",7,32,33,32,33,1015,1015,0,0,0,0
"41400125","CHI","Derrick Rose, Jimmy Butler, Mike Dunleavy, Nikola Mirotic, Pau Gasol",8,42,42,45,48,1219,1306,3,6,-3,87
"41400125","MIL","Ersan Ilyasova, Giannis Antetokounmpo, Michael Carter-Williams, O.J. Mayo, Zaza Pachulia",8,32,33,46,44,1015,1263,14,11,3,248
"41400125","CHI","Derrick Rose, Jimmy Butler, Mike Dunleavy, Pau Gasol, Taj Gibson",9,45,48,49,52,1306,1440,4,4,0,134
"41400125","MIL","Ersan Ilyasova, Giannis Antetokounmpo, Khris Middleton, Michael Carter-Williams, Zaza Pachulia",9,46,44,55,52,1263,1661,9,8,1,398
"41400125","CHI","Derrick Rose, Jimmy Butler, Joakim Noah, Mike Dunleavy, Pau Gasol",10,49,52,54,55,1440,1686,5,3,2,246
"41400125","MIL","Ersan Ilyasova, Giannis Antetokounmpo, Jerryd Bayless, Khris Middleton, Zaza Pachulia",10,55,52,67,60,1661,1925,12,8,4,264
"41400125","CHI","Derrick Rose, Jimmy Butler, Joakim Noah, Pau Gasol, Tony Snell",11,54,55,58,67,1686,1885,4,12,-8,199
"41400125","MIL","Giannis Antetokounmpo, Jared Dudley, Jerryd Bayless, Khris Middleton, Zaza Pachulia",11,67,60,67,62,1925,1950,0,2,-2,25
"41400125","CHI","Derrick Rose, Jimmy Butler, Pau Gasol, Taj Gibson, Tony Snell",12,58,67,62,67,1885,1950,4,0,4,65
"41400125","MIL","Giannis Antetokounmpo, Jared Dudley, Jerryd Bayless, John Henson, Khris Middleton",12,67,62,67,63,1950,1986,0,1,-1,36
"41400125","CHI","Aaron Brooks, Jimmy Butler, Pau Gasol, Taj Gibson, Tony Snell",13,62,67,63,67,1950,1986,1,0,1,36
"41400125","MIL","Jared Dudley, Jerryd Bayless, John Henson, Khris Middleton, O.J. Mayo",13,67,63,67,63,1986,1986,0,0,0,0
"41400125","CHI","Derrick Rose, Jimmy Butler, Pau Gasol, Taj Gibson, Tony Snell",14,63,67,70,76,1986,2160,7,9,-2,174
"41400125","MIL","Jared Dudley, John Henson, Khris Middleton, Michael Carter-Williams, O.J. Mayo",14,67,63,80,77,1986,2368,13,14,-1,382
"41400125","CHI","Derrick Rose, Jimmy Butler, Joakim Noah, Taj Gibson, Tony Snell",15,70,76,77,80,2160,2368,7,4,3,208
"41400125","MIL","Giannis Antetokounmpo, Jared Dudley, John Henson, Michael Carter-Williams, O.J. Mayo",15,80,77,86,81,2368,2574,6,4,2,206
"41400125","CHI","Derrick Rose, Jimmy Butler, Joakim Noah, Nikola Mirotic, Tony Snell",16,77,80,81,86,2368,2565,4,6,-2,197
"41400125","MIL","Giannis Antetokounmpo, John Henson, Khris Middleton, Michael Carter-Williams, O.J. Mayo",16,86,81,94,88,2574,2853,8,7,1,279
"41400125","CHI","Derrick Rose, Jimmy Butler, Nikola Mirotic, Pau Gasol, Tony Snell",17,81,86,88,92,2565,2816,7,6,1,251
"41400125","MIL","Giannis Antetokounmpo, Jared Dudley, Khris Middleton, Michael Carter-Williams, O.J. Mayo",17,94,88,94,88,2853,2880,0,0,0,27
"41400125","CHI","Derrick Rose, Jimmy Butler, Joakim Noah, Pau Gasol, Tony Snell",18,88,92,88,92,2816,2851,0,0,0,35
"41400125","CHI","Aaron Brooks, Jimmy Butler, Joakim Noah, Pau Gasol, Tony Snell",19,88,92,88,94,2851,2853,0,2,-2,2
"41400125","CHI","Aaron Brooks, Derrick Rose, Jimmy Butler, Pau Gasol, Tony Snell",20,88,94,88,94,2853,2853,0,0,0,0
"41400125","CHI","Derrick Rose, Jimmy Butler, Nikola Mirotic, Pau Gasol, Tony Snell",21,88,94,88,94,2853,2880,0,0,0,27
"41400126","CHI","Derrick Rose, Jimmy Butler, Joakim Noah, Mike Dunleavy, Pau Gasol",0,0,0,22,8,0,410,22,8,14,410
"41400126","MIL","Ersan Ilyasova, Giannis Antetokounmpo, Khris Middleton, Michael Carter-Williams, Zaza Pachulia",0,0,0,0,8,0,68,0,8,-8,68
"41400126","CHI","Derrick Rose, Jimmy Butler, Mike Dunleavy, Pau Gasol, Taj Gibson",1,22,8,22,10,410,464,0,2,-2,54
"41400126","MIL","Ersan Ilyasova, Giannis Antetokounmpo, Jerryd Bayless, Khris Middleton, Zaza Pachulia",1,0,8,6,17,68,290,6,9,-3,222
"41400126","CHI","Aaron Brooks, Jimmy Butler, Mike Dunleavy, Pau Gasol, Taj Gibson",2,22,10,28,10,464,510,6,0,6,46
"41400126","MIL","Ersan Ilyasova, Giannis Antetokounmpo, Jerryd Bayless, O.J. Mayo, Zaza Pachulia",2,6,17,8,22,290,410,2,5,-3,120
"41400126","CHI","Aaron Brooks, Kirk Hinrich, Mike Dunleavy, Pau Gasol, Taj Gibson",3,28,10,32,16,510,618,4,6,-2,108
"41400126","MIL","Ersan Ilyasova, Giannis Antetokounmpo, Jerryd Bayless, John Henson, O.J. Mayo",3,8,22,10,28,410,510,2,6,-4,100
"41400126","CHI","Derrick Rose, Kirk Hinrich, Mike Dunleavy, Pau Gasol, Taj Gibson",4,32,16,32,16,618,630,0,0,0,12
"41400126","MIL","Giannis Antetokounmpo, Jared Dudley, Jerryd Bayless, John Henson, O.J. Mayo",4,10,28,16,32,510,618,6,4,2,108
"41400126","CHI","Derrick Rose, Jimmy Butler, Kirk Hinrich, Pau Gasol, Taj Gibson",5,32,16,34,16,630,720,2,0,2,90
"41400126","MIL","Giannis Antetokounmpo, Jared Dudley, John Henson, Michael Carter-Williams, O.J. Mayo",5,16,32,16,32,618,618,0,0,0,0
"41400126","CHI","Derrick Rose, Jimmy Butler, Joakim Noah, Kirk Hinrich, Taj Gibson",6,34,16,43,18,720,919,9,2,7,199
"41400126","MIL","Jared Dudley, John Henson, Khris Middleton, Michael Carter-Williams, O.J. Mayo",6,16,32,18,41,618,876,2,9,-7,258
"41400126","CHI","Aaron Brooks, Jimmy Butler, Joakim Noah, Kirk Hinrich, Taj Gibson",7,43,18,47,20,919,1050,4,2,2,131
"41400126","MIL","Jared Dudley, Jerryd Bayless, John Henson, Khris Middleton, O.J. Mayo",7,18,41,20,45,876,1004,2,4,-2,128
"41400126","CHI","Aaron Brooks, Jimmy Butler, Joakim Noah, Mike Dunleavy, Taj Gibson",8,47,20,47,20,1050,1055,0,0,0,5
"41400126","MIL","Jared Dudley, Jerryd Bayless, Khris Middleton, O.J. Mayo, Zaza Pachulia",8,20,45,20,47,1004,1050,0,2,-2,46
"41400126","CHI","Aaron Brooks, Jimmy Butler, Mike Dunleavy, Pau Gasol, Taj Gibson",9,47,20,49,23,1055,1170,2,3,-1,115
"41400126","MIL","Giannis Antetokounmpo, Jared Dudley, Jerryd Bayless, Khris Middleton, Zaza Pachulia",9,20,47,23,49,1050,1170,3,2,1,120
"41400126","CHI","Derrick Rose, Jimmy Butler, Mike Dunleavy, Pau Gasol, Taj Gibson",10,49,23,62,29,1170,1385,13,6,7,215
"41400126","MIL","Giannis Antetokounmpo, Jared Dudley, Khris Middleton, Michael Carter-Williams, Zaza Pachulia",10,23,49,23,49,1170,1170,0,0,0,0
"41400126","CHI","Derrick Rose, Jimmy Butler, Mike Dunleavy, Nikola Mirotic, Pau Gasol",11,62,29,62,29,1385,1385,0,0,0,0
"41400126","MIL","Ersan Ilyasova, Giannis Antetokounmpo, Khris Middleton, Michael Carter-Williams, Zaza Pachulia",11,23,49,28,62,1170,1346,5,13,-8,176
"41400126","CHI","Derrick Rose, Jimmy Butler, Kirk Hinrich, Nikola Mirotic, Pau Gasol",12,62,29,65,33,1385,1440,3,4,-1,55
"41400126","MIL","Ersan Ilyasova, Jerryd Bayless, Khris Middleton, Michael Carter-Williams, Zaza Pachulia",12,28,62,33,65,1346,1440,5,3,2,94
"41400126","CHI","Derrick Rose, Jimmy Butler, Joakim Noah, Mike Dunleavy, Pau Gasol",13,65,33,84,38,1440,1897,19,5,14,457
"41400126","MIL","Ersan Ilyasova, Khris Middleton, Michael Carter-Williams, O.J. Mayo, Zaza Pachulia",13,33,65,38,74,1440,1647,5,9,-4,207
"41400126","CHI","Jimmy Butler, Joakim Noah, Kirk Hinrich, Mike Dunleavy, Pau Gasol",14,84,38,84,38,1897,1897,0,0,0,0
"41400126","MIL","Ersan Ilyasova, John Henson, Khris Middleton, Michael Carter-Williams, O.J. Mayo",14,38,74,38,76,1647,1706,0,2,-2,59
"41400126","CHI","Jimmy Butler, Kirk Hinrich, Mike Dunleavy, Pau Gasol, Taj Gibson",15,84,38,88,44,1897,2021,4,6,-2,124
"41400126","MIL","Jared Dudley, John Henson, Khris Middleton, Michael Carter-Williams, O.J. Mayo",15,38,76,38,84,1706,1897,0,8,-8,191
"41400126","CHI","Aaron Brooks, Kirk Hinrich, Mike Dunleavy, Pau Gasol, Taj Gibson",16,88,44,91,52,2021,2160,3,8,-5,139
"41400126","MIL","Jared Dudley, John Henson, Khris Middleton, O.J. Mayo, Tyler Ennis",16,38,84,38,84,1897,1897,0,0,0,0
"41400126","CHI","Aaron Brooks, Joakim Noah, Kirk Hinrich, Taj Gibson, Tony Snell",17,91,52,101,61,2160,2478,10,9,1,318
"41400126","MIL","Jared Dudley, Khris Middleton, Miles Plumlee, O.J. Mayo, Tyler Ennis",17,38,84,38,84,1897,1897,0,0,0,0
"41400126","CHI","Aaron Brooks, Joakim Noah, Kirk Hinrich, Nikola Mirotic, Tony Snell",18,101,61,101,61,2478,2478,0,0,0,0
"41400126","MIL","Jared Dudley, Jerryd Bayless, Miles Plumlee, O.J. Mayo, Tyler Ennis",18,38,84,52,91,1897,2160,14,7,7,263
"41400126","CHI","Aaron Brooks, Kirk Hinrich, Nazr Mohammed, Nikola Mirotic, Tony Snell",19,101,61,103,63,2478,2515,2,2,0,37
"41400126","MIL","Jerryd Bayless, Johnny O'Bryant III, Jorge Gutierrez, Miles Plumlee, Tyler Ennis",19,52,91,66,120,2160,2880,14,29,-15,720
"41400126","CHI","Aaron Brooks, Doug McDermott, Nazr Mohammed, Nikola Mirotic, Tony Snell",20,103,63,109,63,2515,2623,6,0,6,108
"41400126","CHI","Doug McDermott, E'Twaun Moore, Nazr Mohammed, Nikola Mirotic, Tony Snell",21,109,63,120,66,2623,2880,11,3,8,257
"41400131","TOR","DeMar DeRozan, Jonas Valanciunas, Kyle Lowry, Terrence Ross, Tyler Hansbrough",0,0,0,8,5,0,377,8,5,3,377
"41400131","WAS","Bradley Beal, John Wall, Marcin Gortat, Nene, Paul Pierce",0,0,0,3,7,0,312,3,7,-4,312
"41400131","TOR","DeMar DeRozan, Jonas Valanciunas, Kyle Lowry, Patrick Patterson, Terrence Ross",1,8,5,14,13,377,555,6,8,-2,178
"41400131","WAS","Bradley Beal, Drew Gooden, John Wall, Nene, Paul Pierce",1,3,7,13,14,312,555,10,7,3,243
"41400131","TOR","DeMar DeRozan, Greivis Vasquez, Jonas Valanciunas, Kyle Lowry, Patrick Patterson",2,14,13,14,13,555,555,0,0,0,0
"41400131","WAS","Bradley Beal, Drew Gooden, John Wall, Kevin Seraphin, Paul Pierce",2,13,14,13,14,555,555,0,0,0,0
"41400131","TOR","Amir Johnson, DeMar DeRozan, Greivis Vasquez, Kyle Lowry, Patrick Patterson",3,14,13,14,13,555,555,0,0,0,0
"41400131","WAS","Drew Gooden, John Wall, Kevin Seraphin, Paul Pierce, Ramon Sessions",3,13,14,15,16,555,582,2,2,0,27
"41400131","TOR","Amir Johnson, DeMar DeRozan, Greivis Vasquez, Lou Williams, Patrick Patterson",4,14,13,21,15,555,631,7,2,5,76
"41400131","WAS","Drew Gooden, John Wall, Kevin Seraphin, Otto Porter Jr., Ramon Sessions",4,15,16,19,23,582,720,4,7,-3,138
"41400131","TOR","Amir Johnson, Greivis Vasquez, Kyle Lowry, Lou Williams, Patrick Patterson",5,21,15,34,27,631,1006,13,12,1,375
"41400131","WAS","Bradley Beal, Drew Gooden, Kevin Seraphin, Otto Porter Jr., Ramon Sessions",5,19,23,27,34,720,1006,8,11,-3,286
"41400131","TOR","Amir Johnson, DeMar DeRozan, Greivis Vasquez, Lou Williams, Patrick Patterson",6,34,27,36,32,1006,1096,2,5,-3,90
"41400131","WAS","Bradley Beal, John Wall, Kevin Seraphin, Otto Porter Jr., Ramon Sessions",6,27,34,27,34,1006,1006,0,0,0,0
"41400131","TOR","Amir Johnson, DeMar DeRozan, Greivis Vasquez, Lou Williams, Tyler Hansbrough",7,36,32,38,36,1096,1174,2,4,-2,78
"41400131","WAS","Bradley Beal, John Wall, Marcin Gortat, Otto Porter Jr., Ramon Sessions",7,27,34,27,34,1006,1006,0,0,0,0
"41400131","TOR","Amir Johnson, DeMar DeRozan, Lou Williams, Terrence Ross, Tyler Hansbrough",8,38,36,38,38,1174,1235,0,2,-2,61
"41400131","WAS","Bradley Beal, John Wall, Marcin Gortat, Otto Porter Jr., Paul Pierce",8,27,34,43,40,1006,1353,16,6,10,347
"41400131","TOR","Amir Johnson, DeMar DeRozan, Kyle Lowry, Terrence Ross, Tyler Hansbrough",9,38,38,38,43,1235,1296,0,5,-5,61
"41400131","WAS","Bradley Beal, John Wall, Marcin Gortat, Otto Porter Jr., Ramon Sessions",9,43,40,43,40,1353,1361,0,0,0,8
"41400131","TOR","Amir Johnson, DeMar DeRozan, Greivis Vasquez, Kyle Lowry, Terrence Ross",10,38,43,38,43,1296,1296,0,0,0,0
"41400131","WAS","Bradley Beal, John Wall, Nene, Otto Porter Jr., Ramon Sessions",10,43,40,46,42,1361,1433,3,2,1,72
"41400131","TOR","DeMar DeRozan, Greivis Vasquez, Jonas Valanciunas, Kyle Lowry, Terrence Ross",11,38,43,42,46,1296,1440,4,3,1,144
"41400131","WAS","John Wall, Nene, Otto Porter Jr., Ramon Sessions, Rasual Butler",11,46,42,46,42,1433,1440,0,0,0,7
"41400131","TOR","DeMar DeRozan, Jonas Valanciunas, Kyle Lowry, Terrence Ross, Tyler Hansbrough",12,42,46,46,50,1440,1616,4,4,0,176
"41400131","WAS","Bradley Beal, John Wall, Marcin Gortat, Nene, Paul Pierce",12,46,42,59,50,1440,1813,13,8,5,373
"41400131","TOR","Amir Johnson, DeMar DeRozan, Jonas Valanciunas, Kyle Lowry, Terrence Ross",13,46,50,50,59,1616,1813,4,9,-5,197
"41400131","WAS","Bradley Beal, Drew Gooden, John Wall, Marcin Gortat, Paul Pierce",13,59,50,61,52,1813,1913,2,2,0,100
"41400131","TOR","Amir Johnson, DeMar DeRozan, Kyle Lowry, Patrick Patterson, Terrence Ross",14,50,59,52,61,1813,1913,2,2,0,100
"41400131","WAS","Bradley Beal, Drew Gooden, John Wall, Marcin Gortat, Otto Porter Jr.",14,61,52,61,54,1913,2006,0,2,-2,93
"41400131","TOR","Amir Johnson, DeMar DeRozan, Kyle Lowry, Lou Williams, Patrick Patterson",15,52,61,54,61,1913,2006,2,0,2,93
"41400131","WAS","Drew Gooden, John Wall, Marcin Gortat, Otto Porter Jr., Ramon Sessions",15,61,54,61,54,2006,2006,0,0,0,0
"41400131","TOR","Amir Johnson, DeMar DeRozan, Greivis Vasquez, Lou Williams, Patrick Patterson",16,54,61,56,65,2006,2160,2,4,-2,154
"41400131","WAS","Drew Gooden, John Wall, Kevin Seraphin, Otto Porter Jr., Ramon Sessions",16,61,54,65,56,2006,2160,4,2,2,154
"41400131","TOR","Greivis Vasquez, Jonas Valanciunas, Kyle Lowry, Lou Williams, Patrick Patterson",17,56,65,59,74,2160,2390,3,9,-6,230
"41400131","WAS","Bradley Beal, Drew Gooden, Kevin Seraphin, Otto Porter Jr., Ramon Sessions",17,65,56,74,59,2160,2390,9,3,6,230
"41400131","TOR","Amir Johnson, Greivis Vasquez, Jonas Valanciunas, Kyle Lowry, Lou Williams",18,59,74,59,74,2390,2390,0,0,0,0
"41400131","WAS","Bradley Beal, Kevin Seraphin, Otto Porter Jr., Paul Pierce, Ramon Sessions",18,74,59,74,61,2390,2434,0,2,-2,44
"41400131","TOR","Amir Johnson, DeMar DeRozan, Jonas Valanciunas, Kyle Lowry, Lou Williams",19,59,74,61,74,2390,2434,2,0,2,44
"41400131","WAS","Bradley Beal, John Wall, Kevin Seraphin, Otto Porter Jr., Paul Pierce",19,74,61,76,69,2434,2547,2,8,-6,113
"41400131","TOR","Amir Johnson, DeMar DeRozan, Greivis Vasquez, Jonas Valanciunas, Lou Williams",20,61,74,69,76,2434,2547,8,2,6,113
"41400131","WAS","Bradley Beal, John Wall, Marcin Gortat, Otto Porter Jr., Paul Pierce",20,76,69,77,75,2547,2706,1,6,-5,159
"41400131","TOR","Amir Johnson, DeMar DeRozan, Greivis Vasquez, Lou Williams, Patrick Patterson",21,69,76,72,77,2547,2695,3,1,2,148
"41400131","WAS","Bradley Beal, Drew Gooden, John Wall, Marcin Gortat, Paul Pierce",21,77,75,82,79,2706,2821,5,4,1,115
"41400131","TOR","Amir Johnson, DeMar DeRozan, Kyle Lowry, Lou Williams, Patrick Patterson",22,72,77,75,80,2695,2724,3,3,0,29
"41400131","WAS","Bradley Beal, John Wall, Marcin Gortat, Otto Porter Jr., Paul Pierce",22,82,79,82,82,2821,2880,0,3,-3,59
"41400131","TOR","Amir Johnson, DeMar DeRozan, Greivis Vasquez, Lou Williams, Patrick Patterson",23,75,80,82,82,2724,2880,7,2,5,156
"41400131","WAS","Bradley Beal, John Wall, Nene, Otto Porter Jr., Paul Pierce",23,82,82,89,84,2880,3151,7,2,5,271
"41400131","TOR","DeMar DeRozan, Greivis Vasquez, Lou Williams, Patrick Patterson, Terrence Ross",24,82,82,82,82,2880,2880,0,0,0,0
"41400131","WAS","Bradley Beal, John Wall, Otto Porter Jr., Paul Pierce, Ramon Sessions",24,89,84,93,86,3151,3180,4,2,2,29
"41400131","TOR","Amir Johnson, DeMar DeRozan, Greivis Vasquez, Lou Williams, Patrick Patterson",25,82,82,84,89,2880,3151,2,7,-5,271
"41400131","TOR","DeMar DeRozan, Greivis Vasquez, Lou Williams, Patrick Patterson, Terrence Ross",26,84,89,86,93,3151,3180,2,4,-2,29
"41400132","TOR","DeMar DeRozan, Jonas Valanciunas, Kyle Lowry, Terrence Ross, Tyler Hansbrough",0,0,0,20,12,0,393,20,12,8,393
"41400132","WAS","Bradley Beal, John Wall, Marcin Gortat, Nene, Paul Pierce",0,0,0,12,20,0,393,12,20,-8,393
"41400132","TOR","DeMar DeRozan, Jonas Valanciunas, Kyle Lowry, Patrick Patterson, Terrence Ross",1,20,12,20,14,393,463,0,2,-2,70
"41400132","WAS","Bradley Beal, Drew Gooden, John Wall, Marcin Gortat, Paul Pierce",1,12,20,14,20,393,430,2,0,2,37
"41400132","TOR","DeMar DeRozan, Greivis Vasquez, Jonas Valanciunas, Patrick Patterson, Terrence Ross",2,20,14,22,16,463,539,2,2,0,76
"41400132","WAS","Bradley Beal, Drew Gooden, John Wall, Marcin Gortat, Otto Porter Jr.",2,14,20,16,22,430,539,2,2,0,109
"41400132","TOR","DeMar DeRozan, Greivis Vasquez, Jonas Valanciunas, Lou Williams, Patrick Patterson",3,22,16,22,16,539,539,0,0,0,0
"41400132","WAS","Drew Gooden, John Wall, Marcin Gortat, Otto Porter Jr., Ramon Sessions",3,16,22,26,31,539,720,10,9,1,181
"41400132","TOR","Amir Johnson, DeMar DeRozan, Greivis Vasquez, Lou Williams, Patrick Patterson",4,22,16,25,20,539,611,3,4,-1,72
"41400132","WAS","Bradley Beal, Drew Gooden, Nene, Otto Porter Jr., Ramon Sessions",4,26,31,31,37,720,925,5,6,-1,205
"41400132","TOR","Amir Johnson, Greivis Vasquez, Kyle Lowry, Lou Williams, Patrick Patterson",5,25,20,33,29,611,833,8,9,-1,222
"41400132","WAS","Bradley Beal, Nene, Otto Porter Jr., Paul Pierce, Ramon Sessions",5,31,37,33,37,925,966,2,0,2,41
"41400132","TOR","Amir Johnson, DeMar DeRozan, Kyle Lowry, Lou Williams, Patrick Patterson",6,33,29,35,29,833,881,2,0,2,48
"41400132","WAS","Bradley Beal, John Wall, Nene, Otto Porter Jr., Paul Pierce",6,33,37,41,41,966,1118,8,4,4,152
"41400132","TOR","Amir Johnson, DeMar DeRozan, Greivis Vasquez, Lou Williams, Patrick Patterson",7,35,29,37,34,881,1013,2,5,-3,132
"41400132","WAS","Bradley Beal, John Wall, Marcin Gortat, Otto Porter Jr., Paul Pierce",7,41,41,54,45,1118,1281,13,4,9,163
"41400132","TOR","Amir Johnson, DeMar DeRozan, Greivis Vasquez, James Johnson, Lou Williams",8,37,34,41,41,1013,1118,4,7,-3,105
"41400132","WAS","Bradley Beal, John Wall, Nene, Otto Porter Jr., Paul Pierce",8,54,45,58,49,1281,1384,4,4,0,103
"41400132","TOR","DeMar DeRozan, Greivis Vasquez, James Johnson, Jonas Valanciunas, Lou Williams",9,41,41,45,43,1118,1167,4,2,2,49
"41400132","WAS","Bradley Beal, Drew Gooden, John Wall, Nene, Otto Porter Jr.",9,58,49,60,49,1384,1440,2,0,2,56
"41400132","TOR","DeMar DeRozan, Greivis Vasquez, James Johnson, Jonas Valanciunas, Terrence Ross",10,45,43,49,60,1167,1440,4,17,-13,273
"41400132","WAS","Bradley Beal, John Wall, Marcin Gortat, Nene, Paul Pierce",10,60,49,73,62,1440,1791,13,13,0,351
"41400132","TOR","DeMar DeRozan, Jonas Valanciunas, Kyle Lowry, Terrence Ross, Tyler Hansbrough",11,49,60,62,73,1440,1791,13,13,0,351
"41400132","WAS","Bradley Beal, John Wall, Kevin Seraphin, Nene, Paul Pierce",11,73,62,73,62,1791,1798,0,0,0,7
"41400132","TOR","Amir Johnson, DeMar DeRozan, Jonas Valanciunas, Kyle Lowry, Terrence Ross",12,62,73,65,78,1791,1909,3,5,-2,118
"41400132","WAS","Bradley Beal, John Wall, Kevin Seraphin, Nene, Otto Porter Jr.",12,73,62,81,65,1798,1985,8,3,5,187
"41400132","TOR","Amir Johnson, DeMar DeRozan, Jonas Valanciunas, Kyle Lowry, Lou Williams",13,65,78,65,81,1909,1985,0,3,-3,76
"41400132","WAS","Bradley Beal, Drew Gooden, John Wall, Kevin Seraphin, Otto Porter Jr.",13,81,65,81,65,1985,1985,0,0,0,0
"41400132","TOR","Amir Johnson, DeMar DeRozan, Greivis Vasquez, Kyle Lowry, Lou Williams",14,65,81,65,81,1985,1985,0,0,0,0
"41400132","WAS","Drew Gooden, John Wall, Kevin Seraphin, Otto Porter Jr., Ramon Sessions",14,81,65,97,75,1985,2160,16,10,6,175
"41400132","TOR","Amir Johnson, DeMar DeRozan, Greivis Vasquez, Lou Williams, Patrick Patterson",15,65,81,75,97,1985,2160,10,16,-6,175
"41400132","WAS","Bradley Beal, Drew Gooden, Kevin Seraphin, Otto Porter Jr., Ramon Sessions",15,97,75,102,84,2160,2408,5,9,-4,248
"41400132","TOR","Amir Johnson, Greivis Vasquez, Kyle Lowry, Lou Williams, Patrick Patterson",16,75,97,79,102,2160,2350,4,5,-1,190
"41400132","WAS","Bradley Beal, Drew Gooden, Marcin Gortat, Otto Porter Jr., Ramon Sessions",16,102,84,102,84,2408,2408,0,0,0,0
"41400132","TOR","Greivis Vasquez, Jonas Valanciunas, Kyle Lowry, Lou Williams, Patrick Patterson",17,79,102,79,102,2350,2372,0,0,0,22
"41400132","WAS","Bradley Beal, Drew Gooden, John Wall, Marcin Gortat, Otto Porter Jr.",17,102,84,102,89,2408,2485,0,5,-5,77
"41400132","TOR","DeMar DeRozan, Jonas Valanciunas, Kyle Lowry, Lou Williams, Patrick Patterson",18,79,102,89,104,2372,2524,10,2,8,152
"41400132","WAS","Bradley Beal, John Wall, Marcin Gortat, Otto Porter Jr., Paul Pierce",18,102,89,115,102,2485,2836,13,13,0,351
"41400132","TOR","DeMar DeRozan, Greivis Vasquez, Jonas Valanciunas, Lou Williams, Patrick Patterson",19,89,104,96,109,2524,2701,7,5,2,177
"41400132","WAS","Bradley Beal, John Wall, Otto Porter Jr., Paul Pierce, Ramon Sessions",19,115,102,117,106,2836,2880,2,4,-2,44
"41400132","TOR","DeMar DeRozan, Greivis Vasquez, Lou Williams, Patrick Patterson, Terrence Ross",20,96,109,106,117,2701,2880,10,8,2,179
"41400133","TOR","Amir Johnson, DeMar DeRozan, Jonas Valanciunas, Kyle Lowry, Terrence Ross",0,0,0,30,24,0,540,30,24,6,540
"41400133","WAS","Bradley Beal, John Wall, Marcin Gortat, Nene, Paul Pierce",0,0,0,16,23,0,386,16,23,-7,386
"41400133","TOR","Amir Johnson, DeMar DeRozan, Greivis Vasquez, Jonas Valanciunas, Kyle Lowry",1,30,24,30,24,540,540,0,0,0,0
"41400133","WAS","Bradley Beal, John Wall, Marcin Gortat, Nene, Otto Porter Jr.",1,16,23,18,25,386,463,2,2,0,77
"41400133","TOR","DeMar DeRozan, Greivis Vasquez, Jonas Valanciunas, Kyle Lowry, Patrick Patterson",2,30,24,30,24,540,540,0,0,0,0
"41400133","WAS","Bradley Beal, Drew Gooden, John Wall, Marcin Gortat, Otto Porter Jr.",2,18,25,24,30,463,540,6,5,1,77
"41400133","TOR","DeMar DeRozan, Greivis Vasquez, Jonas Valanciunas, Lou Williams, Patrick Patterson",3,30,24,35,31,540,666,5,7,-2,126
"41400133","WAS","Drew Gooden, John Wall, Marcin Gortat, Otto Porter Jr., Ramon Sessions",3,24,30,33,35,540,693,9,5,4,153
"41400133","TOR","DeMar DeRozan, Greivis Vasquez, Lou Williams, Patrick Patterson, Tyler Hansbrough",4,35,31,35,33,666,720,0,2,-2,54
"41400133","WAS","Bradley Beal, Drew Gooden, Marcin Gortat, Otto Porter Jr., Ramon Sessions",4,33,35,33,35,693,720,0,0,0,27
"41400133","TOR","Greivis Vasquez, Kyle Lowry, Lou Williams, Patrick Patterson, Tyler Hansbrough",5,35,33,40,37,720,969,5,4,1,249
"41400133","WAS","Bradley Beal, Drew Gooden, Nene, Otto Porter Jr., Ramon Sessions",5,33,35,37,40,720,988,4,5,-1,268
"41400133","TOR","DeMar DeRozan, Greivis Vasquez, Kyle Lowry, Patrick Patterson, Tyler Hansbrough",6,40,37,40,37,969,988,0,0,0,19
"41400133","WAS","Bradley Beal, Drew Gooden, John Wall, Nene, Otto Porter Jr.",6,37,40,37,40,988,988,0,0,0,0
"41400133","TOR","DeMar DeRozan, Kyle Lowry, Lou Williams, Patrick Patterson, Tyler Hansbrough",7,40,37,42,39,988,1046,2,2,0,58
"41400133","WAS","Bradley Beal, Drew Gooden, John Wall, Marcin Gortat, Otto Porter Jr.",7,37,40,39,42,988,1046,2,2,0,58
"41400133","TOR","Amir Johnson, DeMar DeRozan, Kyle Lowry, Lou Williams, Patrick Patterson",8,42,39,42,43,1046,1101,0,4,-4,55
"41400133","WAS","Bradley Beal, John Wall, Marcin Gortat, Otto Porter Jr., Paul Pierce",8,39,42,50,48,1046,1385,11,6,5,339
"41400133","TOR","Amir Johnson, DeMar DeRozan, Kyle Lowry, Patrick Patterson, Terrence Ross",9,42,43,44,46,1101,1219,2,3,-1,118
"41400133","WAS","Bradley Beal, John Wall, Marcin Gortat, Nene, Otto Porter Jr.",9,50,48,54,48,1385,1440,4,0,4,55
"41400133","TOR","Amir Johnson, DeMar DeRozan, Greivis Vasquez, Patrick Patterson, Terrence Ross",10,44,46,48,48,1219,1326,4,2,2,107
"41400133","WAS","Bradley Beal, John Wall, Marcin Gortat, Nene, Paul Pierce",10,54,48,67,64,1440,1946,13,16,-3,506
"41400133","TOR","Amir Johnson, DeMar DeRozan, Greivis Vasquez, Jonas Valanciunas, Terrence Ross",11,48,48,48,54,1326,1440,0,6,-6,114
"41400133","WAS","Bradley Beal, Drew Gooden, John Wall, Marcin Gortat, Paul Pierce",11,67,64,67,64,1946,1946,0,0,0,0
"41400133","TOR","Amir Johnson, DeMar DeRozan, Jonas Valanciunas, Kyle Lowry, Terrence Ross",12,48,54,64,67,1440,1946,16,13,3,506
"41400133","WAS","Bradley Beal, Drew Gooden, John Wall, Marcin Gortat, Otto Porter Jr.",12,67,64,68,68,1946,2056,1,4,-3,110
"41400133","TOR","Amir Johnson, DeMar DeRozan, Greivis Vasquez, Jonas Valanciunas, Kyle Lowry",13,64,67,64,67,1946,1946,0,0,0,0
"41400133","WAS","Drew Gooden, John Wall, Marcin Gortat, Otto Porter Jr., Ramon Sessions",13,68,68,72,72,2056,2208,4,4,0,152
"41400133","TOR","Amir Johnson, DeMar DeRozan, Greivis Vasquez, Jonas Valanciunas, Lou Williams",14,64,67,68,68,1946,2056,4,1,3,110
"41400133","WAS","Drew Gooden, John Wall, Nene, Otto Porter Jr., Ramon Sessions",14,72,72,75,73,2208,2263,3,1,2,55
"41400133","TOR","DeMar DeRozan, Greivis Vasquez, Jonas Valanciunas, Lou Williams, Patrick Patterson",15,68,68,70,72,2056,2160,2,4,-2,104
"41400133","WAS","Bradley Beal, Drew Gooden, John Wall, Nene, Otto Porter Jr.",15,75,73,77,73,2263,2305,2,0,2,42
"41400133","TOR","Greivis Vasquez, Kyle Lowry, Lou Williams, Patrick Patterson, Tyler Hansbrough",16,70,72,73,77,2160,2305,3,5,-2,145
"41400133","WAS","Bradley Beal, Drew Gooden, John Wall, Marcin Gortat, Otto Porter Jr.",16,77,73,81,80,2305,2471,4,7,-3,166
"41400133","TOR","DeMar DeRozan, Kyle Lowry, Lou Williams, Patrick Patterson, Tyler Hansbrough",17,73,77,80,81,2305,2471,7,4,3,166
"41400133","WAS","Bradley Beal, John Wall, Marcin Gortat, Otto Porter Jr., Paul Pierce",17,81,80,106,99,2471,2880,25,19,6,409
"41400133","TOR","Amir Johnson, DeMar DeRozan, Kyle Lowry, Lou Williams, Patrick Patterson",18,80,81,80,84,2471,2483,0,3,-3,12
"41400133","TOR","Amir Johnson, DeMar DeRozan, Kyle Lowry, Patrick Patterson, Terrence Ross",19,80,84,99,106,2483,2876,19,22,-3,393
"41400133","TOR","DeMar DeRozan, Kyle Lowry, Lou Williams, Patrick Patterson, Terrence Ross",20,99,106,99,106,2876,2880,0,0,0,4
"41400134","TOR","Amir Johnson, DeMar DeRozan, Jonas Valanciunas, Kyle Lowry, Terrence Ross",0,0,0,10,20,0,414,10,20,-10,414
"41400134","WAS","Bradley Beal, John Wall, Marcin Gortat, Nene, Paul Pierce",0,0,0,20,10,0,414,20,10,10,414
"41400134","TOR","Amir Johnson, DeMar DeRozan, Jonas Valanciunas, Kyle Lowry, Lou Williams",1,10,20,10,20,414,414,0,0,0,0
"41400134","WAS","Bradley Beal, Drew Gooden, John Wall, Marcin Gortat, Paul Pierce",1,20,10,30,18,414,554,10,8,2,140
"41400134","TOR","DeMar DeRozan, Greivis Vasquez, Jonas Valanciunas, Kyle Lowry, Lou Williams",2,10,20,10,20,414,414,0,0,0,0
"41400134","WAS","Drew Gooden, John Wall, Marcin Gortat, Paul Pierce, Ramon Sessions",2,30,18,30,18,554,554,0,0,0,0
"41400134","TOR","DeMar DeRozan, Greivis Vasquez, Jonas Valanciunas, Lou Williams, Patrick Patterson",3,10,20,18,30,414,554,8,10,-2,140
"41400134","WAS","Drew Gooden, John Wall, Marcin Gortat, Otto Porter Jr., Ramon Sessions",3,30,18,36,22,554,716,6,4,2,162
"41400134","TOR","DeMar DeRozan, Greivis Vasquez, Lou Williams, Patrick Patterson, Tyler Hansbrough",4,18,30,22,36,554,720,4,6,-2,166
"41400134","WAS","Bradley Beal, Drew Gooden, Marcin Gortat, Otto Porter Jr., Ramon Sessions",4,36,22,36,22,716,720,0,0,0,4
"41400134","TOR","Greivis Vasquez, Lou Williams, Patrick Patterson, Terrence Ross, Tyler Hansbrough",5,22,36,33,52,720,1021,11,16,-5,301
"41400134","WAS","Bradley Beal, Drew Gooden, Nene, Otto Porter Jr., Ramon Sessions",5,36,22,53,33,720,1065,17,11,6,345
"41400134","TOR","Greivis Vasquez, Kyle Lowry, Lou Williams, Patrick Patterson, Tyler Hansbrough",6,33,52,33,52,1021,1021,0,0,0,0
"41400134","WAS","Bradley Beal, Drew Gooden, John Wall, Nene, Otto Porter Jr.",6,53,33,53,37,1065,1161,0,4,-4,96
"41400134","TOR","DeMar DeRozan, Kyle Lowry, Lou Williams, Patrick Patterson, Tyler Hansbrough",7,33,52,33,52,1021,1021,0,0,0,0
"41400134","WAS","Bradley Beal, Drew Gooden, John Wall, Marcin Gortat, Otto Porter Jr.",7,53,37,53,37,1161,1161,0,0,0,0
"41400134","TOR","Amir Johnson, DeMar DeRozan, Kyle Lowry, Lou Williams, Patrick Patterson",8,33,52,37,53,1021,1161,4,1,3,140
"41400134","WAS","Bradley Beal, John Wall, Marcin Gortat, Otto Porter Jr., Paul Pierce",8,53,37,55,42,1161,1198,2,5,-3,37
"41400134","TOR","Amir Johnson, DeMar DeRozan, Kyle Lowry, Lou Williams, Terrence Ross",9,37,53,47,64,1161,1380,10,11,-1,219
"41400134","WAS","Bradley Beal, Marcin Gortat, Otto Porter Jr., Paul Pierce, Ramon Sessions",9,55,42,66,50,1198,1440,11,8,3,242
"41400134","TOR","Amir Johnson, DeMar DeRozan, Greivis Vasquez, Kyle Lowry, Lou Williams",10,47,64,47,64,1380,1380,0,0,0,0
"41400134","WAS","Bradley Beal, John Wall, Marcin Gortat, Nene, Paul Pierce",10,66,50,89,65,1440,1952,23,15,8,512
"41400134","TOR","DeMar DeRozan, Greivis Vasquez, Jonas Valanciunas, Kyle Lowry, Lou Williams",11,47,64,50,66,1380,1425,3,2,1,45
"41400134","WAS","Bradley Beal, John Wall, Marcin Gortat, Nene, Otto Porter Jr.",11,89,65,89,65,1952,1952,0,0,0,0
"41400134","TOR","DeMar DeRozan, Greivis Vasquez, Kyle Lowry, Lou Williams, Terrence Ross",12,50,66,50,66,1425,1425,0,0,0,0
"41400134","WAS","Bradley Beal, Drew Gooden, John Wall, Marcin Gortat, Otto Porter Jr.",12,89,65,91,65,1952,1970,2,0,2,18
"41400134","TOR","DeMar DeRozan, Greivis Vasquez, Lou Williams, Patrick Patterson, Terrence Ross",13,50,66,50,66,1425,1440,0,0,0,15
"41400134","WAS","Drew Gooden, John Wall, Marcin Gortat, Otto Porter Jr., Ramon Sessions",13,91,65,99,70,1970,2115,8,5,3,145
"41400134","TOR","Amir Johnson, DeMar DeRozan, Jonas Valanciunas, Kyle Lowry, Terrence Ross",14,50,66,65,89,1440,1952,15,23,-8,512
"41400134","WAS","Bradley Beal, Drew Gooden, Marcin Gortat, Otto Porter Jr., Ramon Sessions",14,99,70,104,70,2115,2180,5,0,5,65
"41400134","TOR","DeMar DeRozan, Jonas Valanciunas, Kyle Lowry, Lou Williams, Terrence Ross",15,65,89,65,89,1952,1952,0,0,0,0
"41400134","WAS","Bradley Beal, Drew Gooden, Nene, Otto Porter Jr., Ramon Sessions",15,104,70,112,78,2180,2439,8,8,0,259
"41400134","TOR","DeMar DeRozan, Kyle Lowry, Lou Williams, Patrick Patterson, Terrence Ross",16,65,89,67,94,1952,2035,2,5,-3,83
"41400134","WAS","Drew Gooden, Nene, Otto Porter Jr., Ramon Sessions, Rasual Butler",16,112,78,114,80,2439,2490,2,2,0,51
"41400134","TOR","DeMar DeRozan, Greivis Vasquez, Kyle Lowry, Lou Williams, Patrick Patterson",17,67,94,70,102,2035,2160,3,8,-5,125
"41400134","WAS","Drew Gooden, Kevin Seraphin, Otto Porter Jr., Ramon Sessions, Rasual Butler",17,114,80,117,82,2490,2566,3,2,1,76
"41400134","TOR","Greivis Vasquez, Kyle Lowry, Lou Williams, Patrick Patterson, Tyler Hansbrough",18,70,102,76,110,2160,2360,6,8,-2,200
"41400134","WAS","Kevin Seraphin, Kris Humphries, Otto Porter Jr., Ramon Sessions, Rasual Butler",18,117,82,119,87,2566,2628,2,5,-3,62
"41400134","TOR","Greivis Vasquez, Jonas Valanciunas, Kyle Lowry, Lou Williams, Patrick Patterson",19,76,110,78,112,2360,2439,2,2,0,79
"41400134","WAS","Kevin Seraphin, Kris Humphries, Martell Webster, Ramon Sessions, Rasual Butler",19,119,87,119,87,2628,2628,0,0,0,0
"41400134","TOR","DeMar DeRozan, Greivis Vasquez, Jonas Valanciunas, Kyle Lowry, Patrick Patterson",20,78,112,80,114,2439,2490,2,2,0,51
"41400134","WAS","Kevin Seraphin, Kris Humphries, Martell Webster, Rasual Butler, Will Bynum",20,119,87,125,94,2628,2880,6,7,-1,252
"41400134","TOR","Amir Johnson, DeMar DeRozan, Greivis Vasquez, Jonas Valanciunas, Kyle Lowry",21,80,114,82,119,2490,2593,2,5,-3,103
"41400134","TOR","Amir Johnson, DeMar DeRozan, Greivis Vasquez, Jonas Valanciunas, Terrence Ross",22,82,119,82,119,2593,2593,0,0,0,0
"41400134","TOR","Amir Johnson, Greivis Vasquez, James Johnson, Jonas Valanciunas, Terrence Ross",23,82,119,89,125,2593,2762,7,6,1,169
"41400134","TOR","Greg Stiemsma, Greivis Vasquez, James Johnson, Jonas Valanciunas, Terrence Ross",24,89,125,94,125,2762,2880,5,0,5,118
"41400141","GSW","Andrew Bogut, Draymond Green, Harrison Barnes, Klay Thompson, Stephen Curry",0,0,0,14,5,0,340,14,5,9,340
"41400141","NOP","Anthony Davis, Eric Gordon, Omer Asik, Quincy Pondexter, Tyreke Evans",0,0,0,8,16,0,442,8,16,-8,442
"41400141","GSW","Andre Iguodala, Andrew Bogut, Draymond Green, Klay Thompson, Stephen Curry",1,14,5,16,8,340,442,2,3,-1,102
"41400141","NOP","Anthony Davis, Eric Gordon, Jrue Holiday, Omer Asik, Tyreke Evans",1,8,16,8,16,442,470,0,0,0,28
"41400141","GSW","Andre Iguodala, Andrew Bogut, Draymond Green, Leandro Barbosa, Stephen Curry",2,16,8,18,11,442,530,2,3,-1,88
"41400141","NOP","Anthony Davis, Jrue Holiday, Norris Cole, Omer Asik, Tyreke Evans",2,8,16,8,18,470,491,0,2,-2,21
"41400141","GSW","Andre Iguodala, Draymond Green, Harrison Barnes, Leandro Barbosa, Stephen Curry",3,18,11,24,11,530,633,6,0,6,103
"41400141","NOP","Anthony Davis, Jrue Holiday, Norris Cole, Ryan Anderson, Tyreke Evans",3,8,18,11,24,491,633,3,6,-3,142
"41400141","GSW","Andre Iguodala, Festus Ezeli, Harrison Barnes, Leandro Barbosa, Stephen Curry",4,24,11,28,13,633,720,4,2,2,87
"41400141","NOP","Anthony Davis, Dante Cunningham, Jrue Holiday, Norris Cole, Ryan Anderson",4,11,24,11,24,633,633,0,0,0,0
"41400141","GSW","Andre Iguodala, Festus Ezeli, Harrison Barnes, Klay Thompson, Shaun Livingston",5,28,13,28,19,720,827,0,6,-6,107
"41400141","NOP","Alexis Ajinca, Dante Cunningham, Jrue Holiday, Norris Cole, Ryan Anderson",5,11,24,21,31,633,854,10,7,3,221
"41400141","GSW","Andre Iguodala, Draymond Green, Harrison Barnes, Klay Thompson, Shaun Livingston",6,28,19,34,25,827,936,6,6,0,109
"41400141","NOP","Anthony Davis, Dante Cunningham, Jrue Holiday, Norris Cole, Ryan Anderson",6,21,31,21,31,854,854,0,0,0,0
"41400141","GSW","Andre Iguodala, Andrew Bogut, Draymond Green, Klay Thompson, Shaun Livingston",7,34,25,40,31,936,1062,6,6,0,126
"41400141","NOP","Anthony Davis, Dante Cunningham, Eric Gordon, Norris Cole, Ryan Anderson",7,21,31,26,34,854,963,5,3,2,109
"41400141","GSW","Andrew Bogut, Draymond Green, Klay Thompson, Shaun Livingston, Stephen Curry",8,40,31,46,39,1062,1203,6,8,-2,141
"41400141","NOP","Anthony Davis, Eric Gordon, Norris Cole, Quincy Pondexter, Ryan Anderson",8,26,34,31,40,963,1062,5,6,-1,99
"41400141","GSW","Andrew Bogut, Draymond Green, Harrison Barnes, Klay Thompson, Stephen Curry",9,46,39,51,39,1203,1329,5,0,5,126
"41400141","NOP","Anthony Davis, Eric Gordon, Norris Cole, Omer Asik, Quincy Pondexter",9,31,40,31,40,1062,1062,0,0,0,0
"41400141","GSW","Andrew Bogut, Draymond Green, Harrison Barnes, Leandro Barbosa, Stephen Curry",10,51,39,59,41,1329,1407,8,2,6,78
"41400141","NOP","Anthony Davis, Eric Gordon, Omer Asik, Quincy Pondexter, Tyreke Evans",10,31,40,34,42,1062,1123,3,2,1,61
"41400141","GSW","Andre Iguodala, Draymond Green, Harrison Barnes, Leandro Barbosa, Stephen Curry",11,59,41,59,41,1407,1440,0,0,0,33
"41400141","NOP","Anthony Davis, Eric Gordon, Norris Cole, Omer Asik, Quincy Pondexter",11,34,42,39,46,1123,1225,5,4,1,102
"41400141","GSW","Andrew Bogut, Draymond Green, Harrison Barnes, Klay Thompson, Stephen Curry",12,59,41,64,46,1440,1758,5,5,0,318
"41400141","NOP","Anthony Davis, Eric Gordon, Jrue Holiday, Omer Asik, Quincy Pondexter",12,39,46,39,51,1225,1329,0,5,-5,104
"41400141","GSW","Andre Iguodala, Draymond Green, Harrison Barnes, Klay Thompson, Stephen Curry",13,64,46,72,54,1758,1866,8,8,0,108
"41400141","NOP","Anthony Davis, Eric Gordon, Jrue Holiday, Quincy Pondexter, Ryan Anderson",13,39,51,41,59,1329,1407,2,8,-6,78
"41400141","GSW","Andre Iguodala, Draymond Green, Harrison Barnes, Leandro Barbosa, Stephen Curry",14,72,54,80,56,1866,1993,8,2,6,127
"41400141","NOP","Anthony Davis, Eric Gordon, Norris Cole, Quincy Pondexter, Ryan Anderson",14,41,59,41,59,1407,1440,0,0,0,33
"41400141","GSW","Andre Iguodala, Draymond Green, Leandro Barbosa, Shaun Livingston, Stephen Curry",15,80,56,84,61,1993,2120,4,5,-1,127
"41400141","NOP","Anthony Davis, Eric Gordon, Norris Cole, Omer Asik, Quincy Pondexter",15,41,59,46,64,1440,1739,5,5,0,299
"41400141","GSW","Andre Iguodala, Leandro Barbosa, Marreese Speights, Shaun Livingston, Stephen Curry",16,84,61,84,66,2120,2160,0,5,-5,40
"41400141","NOP","Eric Gordon, Norris Cole, Omer Asik, Quincy Pondexter, Ryan Anderson",16,46,64,46,69,1739,1799,0,5,-5,60
"41400141","GSW","Andre Iguodala, Andrew Bogut, Harrison Barnes, Klay Thompson, Shaun Livingston",17,84,66,84,73,2160,2260,0,7,-7,100
"41400141","NOP","Dante Cunningham, Eric Gordon, Norris Cole, Quincy Pondexter, Ryan Anderson",17,46,69,51,72,1799,1847,5,3,2,48
"41400141","GSW","Andre Iguodala, Andrew Bogut, Draymond Green, Klay Thompson, Shaun Livingston",18,84,73,84,73,2260,2292,0,0,0,32
"41400141","NOP","Dante Cunningham, Eric Gordon, Jrue Holiday, Norris Cole, Ryan Anderson",18,51,72,56,80,1847,1993,5,8,-3,146
"41400141","GSW","Andre Iguodala, Andrew Bogut, Draymond Green, Klay Thompson, Stephen Curry",19,84,73,93,76,2292,2566,9,3,6,274
"41400141","NOP","Anthony Davis, Dante Cunningham, Eric Gordon, Jrue Holiday, Norris Cole",19,56,80,56,80,1993,1993,0,0,0,0
"41400141","GSW","Andre Iguodala, Draymond Green, Harrison Barnes, Klay Thompson, Stephen Curry",20,93,76,99,89,2566,2755,6,13,-7,189
"41400141","NOP","Anthony Davis, Dante Cunningham, Jrue Holiday, Norris Cole, Quincy Pondexter",20,56,80,73,87,1993,2372,17,7,10,379
"41400141","GSW","Andre Iguodala, Andrew Bogut, Draymond Green, Klay Thompson, Stephen Curry",21,99,89,99,91,2755,2765,0,2,-2,10
"41400141","NOP","Anthony Davis, Dante Cunningham, Eric Gordon, Jrue Holiday, Quincy Pondexter",21,73,87,73,90,2372,2388,0,3,-3,16
"41400141","GSW","Andre Iguodala, Draymond Green, Harrison Barnes, Klay Thompson, Stephen Curry",22,99,91,101,91,2765,2780,2,0,2,15
"41400141","NOP","Anthony Davis, Eric Gordon, Jrue Holiday, Omer Asik, Quincy Pondexter",22,73,90,76,91,2388,2525,3,1,2,137
"41400141","GSW","Andre Iguodala, Andrew Bogut, Draymond Green, Klay Thompson, Stephen Curry",23,101,91,102,97,2780,2860,1,6,-5,80
"41400141","NOP","Anthony Davis, Eric Gordon, Norris Cole, Omer Asik, Quincy Pondexter",23,76,91,76,93,2525,2566,0,2,-2,41
"41400141","GSW","Andre Iguodala, Draymond Green, Harrison Barnes, Klay Thompson, Stephen Curry",24,102,97,106,99,2860,2880,4,2,2,20
"41400141","NOP","Anthony Davis, Eric Gordon, Norris Cole, Quincy Pondexter, Ryan Anderson",24,76,93,97,102,2566,2860,21,9,12,294
"41400141","NOP","Anthony Davis, Dante Cunningham, Eric Gordon, Norris Cole, Quincy Pondexter",25,97,102,97,103,2860,2861,0,1,-1,1
"41400141","NOP","Anthony Davis, Eric Gordon, Norris Cole, Quincy Pondexter, Ryan Anderson",26,97,103,99,103,2861,2871,2,0,2,10
"41400141","NOP","Anthony Davis, Dante Cunningham, Eric Gordon, Norris Cole, Quincy Pondexter",27,99,103,99,104,2871,2874,0,1,-1,3
"41400141","NOP","Anthony Davis, Eric Gordon, Norris Cole, Quincy Pondexter, Ryan Anderson",28,99,104,99,106,2874,2880,0,2,-2,6
"41400142","GSW","Andrew Bogut, Draymond Green, Harrison Barnes, Klay Thompson, Stephen Curry",0,0,0,13,14,0,381,13,14,-1,381
"41400142","NOP","Anthony Davis, Eric Gordon, Omer Asik, Quincy Pondexter, Tyreke Evans",0,0,0,17,15,0,485,17,15,2,485
"41400142","GSW","Andre Iguodala, Andrew Bogut, Draymond Green, Klay Thompson, Stephen Curry",1,13,14,15,17,381,485,2,3,-1,104
"41400142","NOP","Anthony Davis, Eric Gordon, Quincy Pondexter, Ryan Anderson, Tyreke Evans",1,17,15,17,15,485,485,0,0,0,0
"41400142","GSW","Andre Iguodala, Andrew Bogut, Draymond Green, Leandro Barbosa, Stephen Curry",2,15,17,15,17,485,485,0,0,0,0
"41400142","NOP","Anthony Davis, Eric Gordon, Norris Cole, Quincy Pondexter, Ryan Anderson",2,17,15,26,15,485,655,9,0,9,170
"41400142","GSW","Andre Iguodala, Andrew Bogut, Harrison Barnes, Leandro Barbosa, Stephen Curry",3,15,17,15,26,485,655,0,9,-9,170
"41400142","NOP","Anthony Davis, Dante Cunningham, Eric Gordon, Norris Cole, Ryan Anderson",3,26,15,28,17,655,720,2,2,0,65
"41400142","GSW","Andre Iguodala, Festus Ezeli, Harrison Barnes, Leandro Barbosa, Stephen Curry",4,15,26,15,28,655,662,0,2,-2,7
"41400142","NOP","Alexis Ajinca, Dante Cunningham, Norris Cole, Ryan Anderson, Tyreke Evans",4,28,17,32,28,720,896,4,11,-7,176
"41400142","GSW","Andre Iguodala, Draymond Green, Festus Ezeli, Leandro Barbosa, Stephen Curry",5,15,28,17,28,662,720,2,0,2,58
"41400142","NOP","Anthony Davis, Dante Cunningham, Norris Cole, Ryan Anderson, Tyreke Evans",5,32,28,35,31,896,935,3,3,0,39
"41400142","GSW","Andre Iguodala, Draymond Green, Leandro Barbosa, Marreese Speights, Shaun Livingston",6,17,28,32,39,720,1055,15,11,4,335
"41400142","NOP","Anthony Davis, Dante Cunningham, Norris Cole, Quincy Pondexter, Tyreke Evans",6,35,31,39,32,935,1055,4,1,3,120
"41400142","GSW","Draymond Green, Leandro Barbosa, Marreese Speights, Shaun Livingston, Stephen Curry",7,32,39,32,39,1055,1055,0,0,0,0
"41400142","NOP","Anthony Davis, Dante Cunningham, Eric Gordon, Quincy Pondexter, Tyreke Evans",7,39,32,43,36,1055,1169,4,4,0,114
"41400142","GSW","Draymond Green, Klay Thompson, Marreese Speights, Shaun Livingston, Stephen Curry",8,32,39,32,39,1055,1055,0,0,0,0
"41400142","NOP","Anthony Davis, Eric Gordon, Omer Asik, Quincy Pondexter, Tyreke Evans",8,43,36,50,49,1169,1328,7,13,-6,159
"41400142","GSW","Andrew Bogut, Draymond Green, Klay Thompson, Shaun Livingston, Stephen Curry",9,32,39,36,43,1055,1169,4,4,0,114
"41400142","NOP","Anthony Davis, Eric Gordon, Quincy Pondexter, Ryan Anderson, Tyreke Evans",9,50,49,52,55,1328,1440,2,6,-4,112
"41400142","GSW","Andrew Bogut, Draymond Green, Harrison Barnes, Klay Thompson, Stephen Curry",10,36,43,64,60,1169,1736,28,17,11,567
"41400142","NOP","Anthony Davis, Eric Gordon, Omer Asik, Quincy Pondexter, Tyreke Evans",10,52,55,62,64,1440,1777,10,9,1,337
"41400142","GSW","Andre Iguodala, Andrew Bogut, Draymond Green, Klay Thompson, Stephen Curry",11,64,60,64,64,1736,1808,0,4,-4,72
"41400142","NOP","Anthony Davis, Eric Gordon, Norris Cole, Omer Asik, Tyreke Evans",11,62,64,64,66,1777,1848,2,2,0,71
"41400142","GSW","Andre Iguodala, Andrew Bogut, Draymond Green, Leandro Barbosa, Stephen Curry",12,64,64,66,64,1808,1848,2,0,2,40
"41400142","NOP","Alexis Ajinca, Anthony Davis, Eric Gordon, Norris Cole, Tyreke Evans",12,64,66,65,68,1848,1936,1,2,-1,88
"41400142","GSW","Andre Iguodala, Draymond Green, Festus Ezeli, Leandro Barbosa, Stephen Curry",13,66,64,68,67,1848,1951,2,3,-1,103
"41400142","NOP","Alexis Ajinca, Anthony Davis, Dante Cunningham, Norris Cole, Tyreke Evans",13,65,68,65,68,1936,1936,0,0,0,0
"41400142","GSW","Andre Iguodala, Draymond Green, Leandro Barbosa, Marreese Speights, Stephen Curry",14,68,67,70,69,1951,2092,2,2,0,141
"41400142","NOP","Anthony Davis, Dante Cunningham, Norris Cole, Quincy Pondexter, Tyreke Evans",14,65,68,71,71,1936,2160,6,3,3,224
"41400142","GSW","Andre Iguodala, Draymond Green, Leandro Barbosa, Marreese Speights, Shaun Livingston",15,70,69,71,71,2092,2160,1,2,-1,68
"41400142","NOP","Anthony Davis, Dante Cunningham, Eric Gordon, Norris Cole, Quincy Pondexter",15,71,71,75,81,2160,2347,4,10,-6,187
"41400142","GSW","Andre Iguodala, Draymond Green, Klay Thompson, Marreese Speights, Shaun Livingston",16,71,71,81,77,2160,2370,10,6,4,210
"41400142","NOP","Anthony Davis, Dante Cunningham, Eric Gordon, Norris Cole, Tyreke Evans",16,75,81,77,81,2347,2370,2,0,2,23
"41400142","GSW","Andre Iguodala, Andrew Bogut, Draymond Green, Klay Thompson, Shaun Livingston",17,81,77,81,77,2370,2370,0,0,0,0
"41400142","NOP","Anthony Davis, Eric Gordon, Norris Cole, Omer Asik, Tyreke Evans",17,77,81,86,92,2370,2748,9,11,-2,378
"41400142","GSW","Andre Iguodala, Andrew Bogut, Harrison Barnes, Klay Thompson, Shaun Livingston",18,81,77,81,77,2370,2412,0,0,0,42
"41400142","NOP","Anthony Davis, Dante Cunningham, Eric Gordon, Norris Cole, Tyreke Evans",18,86,92,87,97,2748,2880,1,5,-4,132
"41400142","GSW","Andre Iguodala, Andrew Bogut, Harrison Barnes, Klay Thompson, Stephen Curry",19,81,77,85,84,2412,2563,4,7,-3,151
"41400142","GSW","Andre Iguodala, Andrew Bogut, Draymond Green, Klay Thompson, Stephen Curry",20,85,84,97,87,2563,2880,12,3,9,317
"41400143","GSW","Andrew Bogut, Draymond Green, Harrison Barnes, Klay Thompson, Stephen Curry",0,0,0,17,10,0,331,17,10,7,331
"41400143","NOP","Anthony Davis, Eric Gordon, Omer Asik, Quincy Pondexter, Tyreke Evans",0,0,0,14,21,0,468,14,21,-7,468
"41400143","GSW","Andre Iguodala, Andrew Bogut, Harrison Barnes, Klay Thompson, Stephen Curry",1,17,10,21,14,331,468,4,4,0,137
"41400143","NOP","Anthony Davis, Eric Gordon, Quincy Pondexter, Ryan Anderson, Tyreke Evans",1,14,21,17,21,468,492,3,0,3,24
"41400143","GSW","Andre Iguodala, Andrew Bogut, Harrison Barnes, Leandro Barbosa, Stephen Curry",2,21,14,23,17,468,506,2,3,-1,38
"41400143","NOP","Anthony Davis, Norris Cole, Quincy Pondexter, Ryan Anderson, Tyreke Evans",2,17,21,17,23,492,506,0,2,-2,14
"41400143","GSW","Andre Iguodala, Festus Ezeli, Harrison Barnes, Leandro Barbosa, Stephen Curry",3,23,17,25,26,506,720,2,9,-7,214
"41400143","NOP","Anthony Davis, Jrue Holiday, Norris Cole, Ryan Anderson, Tyreke Evans",3,17,23,24,25,506,632,7,2,5,126
"41400143","GSW","Andre Iguodala, Draymond Green, Klay Thompson, Marreese Speights, Shaun Livingston",4,25,26,32,44,720,1000,7,18,-11,280
"41400143","NOP","Anthony Davis, Dante Cunningham, Jrue Holiday, Norris Cole, Ryan Anderson",4,24,25,39,27,632,932,15,2,13,300
"41400143","GSW","Andre Iguodala, Draymond Green, Harrison Barnes, Klay Thompson, Shaun Livingston",5,32,44,32,44,1000,1012,0,0,0,12
"41400143","NOP","Dante Cunningham, Jrue Holiday, Norris Cole, Quincy Pondexter, Ryan Anderson",5,39,27,39,27,932,932,0,0,0,0
"41400143","GSW","Draymond Green, Harrison Barnes, Klay Thompson, Shaun Livingston, Stephen Curry",6,32,44,38,48,1012,1086,6,4,2,74
"41400143","NOP","Dante Cunningham, Eric Gordon, Norris Cole, Quincy Pondexter, Ryan Anderson",6,39,27,44,32,932,1012,5,5,0,80
"41400143","GSW","Andrew Bogut, Draymond Green, Klay Thompson, Shaun Livingston, Stephen Curry",7,38,48,38,54,1086,1221,0,6,-6,135
"41400143","NOP","Eric Gordon, Norris Cole, Quincy Pondexter, Ryan Anderson, Tyreke Evans",7,44,32,48,38,1012,1086,4,6,-2,74
"41400143","GSW","Andre Iguodala, Andrew Bogut, Draymond Green, Klay Thompson, Stephen Curry",8,38,54,52,63,1221,1440,14,9,5,219
"41400143","NOP","Anthony Davis, Eric Gordon, Norris Cole, Ryan Anderson, Tyreke Evans",8,48,38,54,38,1086,1189,6,0,6,103
"41400143","GSW","Andrew Bogut, Draymond Green, Harrison Barnes, Klay Thompson, Stephen Curry",9,52,63,58,74,1440,1802,6,11,-5,362
"41400143","NOP","Anthony Davis, Eric Gordon, Norris Cole, Omer Asik, Tyreke Evans",9,54,38,63,52,1189,1440,9,14,-5,251
"41400143","GSW","Andre Iguodala, Andrew Bogut, Draymond Green, Klay Thompson, Stephen Curry",10,58,74,58,75,1802,1819,0,1,-1,17
"41400143","NOP","Anthony Davis, Eric Gordon, Omer Asik, Quincy Pondexter, Tyreke Evans",10,63,52,77,58,1440,1841,14,6,8,401
"41400143","GSW","Andre Iguodala, Andrew Bogut, Klay Thompson, Marreese Speights, Stephen Curry",11,58,75,58,77,1819,1841,0,2,-2,22
"41400143","NOP","Anthony Davis, Eric Gordon, Quincy Pondexter, Ryan Anderson, Tyreke Evans",11,77,58,81,67,1841,1991,4,9,-5,150
"41400143","GSW","Andre Iguodala, Harrison Barnes, Klay Thompson, Marreese Speights, Stephen Curry",12,58,77,67,81,1841,1991,9,4,5,150
"41400143","NOP","Anthony Davis, Norris Cole, Quincy Pondexter, Ryan Anderson, Tyreke Evans",12,81,67,81,67,1991,1991,0,0,0,0
"41400143","GSW","Andre Iguodala, Harrison Barnes, Leandro Barbosa, Marreese Speights, Stephen Curry",13,67,81,69,89,1991,2160,2,8,-6,169
"41400143","NOP","Anthony Davis, Jrue Holiday, Norris Cole, Quincy Pondexter, Ryan Anderson",13,81,67,81,67,1991,1991,0,0,0,0
"41400143","GSW","Andre Iguodala, Draymond Green, Klay Thompson, Leandro Barbosa, Shaun Livingston",14,69,89,79,97,2160,2417,10,8,2,257
"41400143","NOP","Anthony Davis, Dante Cunningham, Jrue Holiday, Norris Cole, Ryan Anderson",14,81,67,91,73,1991,2296,10,6,4,305
"41400143","GSW","Andre Iguodala, Draymond Green, Klay Thompson, Shaun Livingston, Stephen Curry",15,79,97,80,97,2417,2435,1,0,1,18
"41400143","NOP","Dante Cunningham, Jrue Holiday, Norris Cole, Quincy Pondexter, Ryan Anderson",15,91,73,97,79,2296,2417,6,6,0,121
"41400143","GSW","Draymond Green, Harrison Barnes, Klay Thompson, Shaun Livingston, Stephen Curry",16,80,97,102,107,2435,2863,22,10,12,428
"41400143","NOP","Dante Cunningham, Norris Cole, Quincy Pondexter, Ryan Anderson, Tyreke Evans",16,97,79,101,88,2417,2547,4,9,-5,130
"41400143","GSW","Draymond Green, Harrison Barnes, Klay Thompson, Marreese Speights, Stephen Curry",17,102,107,105,107,2863,2869,3,0,3,6
"41400143","NOP","Anthony Davis, Norris Cole, Quincy Pondexter, Ryan Anderson, Tyreke Evans",17,101,88,103,91,2547,2600,2,3,-1,53
"41400143","GSW","Draymond Green, Harrison Barnes, Klay Thompson, Shaun Livingston, Stephen Curry",18,105,107,105,108,2869,2871,0,1,-1,2
"41400143","NOP","Anthony Davis, Eric Gordon, Quincy Pondexter, Ryan Anderson, Tyreke Evans",18,103,91,105,97,2600,2737,2,6,-4,137
"41400143","GSW","Draymond Green, Harrison Barnes, Klay Thompson, Marreese Speights, Stephen Curry",19,105,108,108,108,2871,2880,3,0,3,9
"41400143","NOP","Anthony Davis, Eric Gordon, Jrue Holiday, Quincy Pondexter, Tyreke Evans",19,105,97,105,101,2737,2835,0,4,-4,98
"41400143","GSW","Andrew Bogut, Draymond Green, Harrison Barnes, Klay Thompson, Stephen Curry",20,108,108,119,118,2880,3144,11,10,1,264
"41400143","NOP","Anthony Davis, Dante Cunningham, Jrue Holiday, Quincy Pondexter, Tyreke Evans",20,105,101,105,102,2835,2860,0,1,-1,25
"41400143","GSW","Andre Iguodala, Andrew Bogut, Harrison Barnes, Klay Thompson, Stephen Curry",21,119,118,119,118,3144,3166,0,0,0,22
"41400143","NOP","Anthony Davis, Dante Cunningham, Eric Gordon, Jrue Holiday, Tyreke Evans",21,105,102,105,102,2860,2860,0,0,0,0
"41400143","GSW","Andre Iguodala, Harrison Barnes, Klay Thompson, Marreese Speights, Stephen Curry",22,119,118,121,118,3166,3167,2,0,2,1
"41400143","NOP","Anthony Davis, Eric Gordon, Jrue Holiday, Ryan Anderson, Tyreke Evans",22,105,102,107,102,2860,2863,2,0,2,3
"41400143","GSW","Andre Iguodala, Andrew Bogut, Harrison Barnes, Klay Thompson, Stephen Curry",23,121,118,121,118,3167,3167,0,0,0,0
"41400143","NOP","Anthony Davis, Dante Cunningham, Jrue Holiday, Ryan Anderson, Tyreke Evans",23,107,102,107,102,2863,2863,0,0,0,0
"41400143","GSW","Andre Iguodala, Harrison Barnes, Klay Thompson, Shaun Livingston, Stephen Curry",24,121,118,121,119,3167,3170,0,1,-1,3
"41400143","NOP","Anthony Davis, Dante Cunningham, Jrue Holiday, Quincy Pondexter, Tyreke Evans",24,107,102,107,105,2863,2869,0,3,-3,6
"41400143","GSW","Andre Iguodala, Andrew Bogut, Harrison Barnes, Klay Thompson, Stephen Curry",25,121,119,121,119,3170,3176,0,0,0,6
"41400143","NOP","Anthony Davis, Dante Cunningham, Eric Gordon, Jrue Holiday, Tyreke Evans",25,107,105,107,105,2869,2869,0,0,0,0
"41400143","GSW","Andre Iguodala, Harrison Barnes, Klay Thompson, Marreese Speights, Stephen Curry",26,121,119,123,119,3176,3177,2,0,2,1
"41400143","NOP","Anthony Davis, Eric Gordon, Jrue Holiday, Ryan Anderson, Tyreke Evans",26,107,105,108,105,2869,2871,1,0,1,2
"41400143","GSW","Andre Iguodala, Harrison Barnes, Klay Thompson, Shaun Livingston, Stephen Curry",27,123,119,123,119,3177,3180,0,0,0,3
"41400143","NOP","Anthony Davis, Dante Cunningham, Eric Gordon, Jrue Holiday, Tyreke Evans",27,108,105,108,105,2871,2871,0,0,0,0
"41400143","NOP","Anthony Davis, Dante Cunningham, Jrue Holiday, Quincy Pondexter, Tyreke Evans",28,108,105,108,108,2871,2880,0,3,-3,9
"41400143","NOP","Anthony Davis, Eric Gordon, Quincy Pondexter, Ryan Anderson, Tyreke Evans",29,108,108,109,111,2880,2971,1,3,-2,91
"41400143","NOP","Anthony Davis, Eric Gordon, Omer Asik, Quincy Pondexter, Tyreke Evans",30,109,111,113,119,2971,3069,4,8,-4,98
"41400143","NOP","Anthony Davis, Eric Gordon, Quincy Pondexter, Ryan Anderson, Tyreke Evans",31,113,119,118,121,3069,3167,5,2,3,98
"41400143","NOP","Anthony Davis, Eric Gordon, Jrue Holiday, Ryan Anderson, Tyreke Evans",32,118,121,119,121,3167,3176,1,0,1,9
"41400143","NOP","Anthony Davis, Jrue Holiday, Quincy Pondexter, Ryan Anderson, Tyreke Evans",33,119,121,119,121,3176,3176,0,0,0,0
"41400143","NOP","Anthony Davis, Dante Cunningham, Jrue Holiday, Quincy Pondexter, Tyreke Evans",34,119,121,119,123,3176,3180,0,2,-2,4
"41400144","GSW","Andrew Bogut, Draymond Green, Harrison Barnes, Klay Thompson, Stephen Curry",0,0,0,15,13,0,343,15,13,2,343
"41400144","NOP","Anthony Davis, Eric Gordon, Omer Asik, Quincy Pondexter, Tyreke Evans",0,0,0,17,19,0,457,17,19,-2,457
"41400144","GSW","Draymond Green, Festus Ezeli, Harrison Barnes, Klay Thompson, Stephen Curry",1,15,13,15,13,343,393,0,0,0,50
"41400144","NOP","Anthony Davis, Eric Gordon, Quincy Pondexter, Ryan Anderson, Tyreke Evans",1,17,19,22,21,457,509,5,2,3,52
"41400144","GSW","Andre Iguodala, Draymond Green, Festus Ezeli, Klay Thompson, Stephen Curry",2,15,13,19,17,393,457,4,4,0,64
"41400144","NOP","Anthony Davis, Eric Gordon, Norris Cole, Quincy Pondexter, Ryan Anderson",2,22,21,22,23,509,585,0,2,-2,76
"41400144","GSW","Andre Iguodala, Draymond Green, Festus Ezeli, Leandro Barbosa, Stephen Curry",3,19,17,31,24,457,720,12,7,5,263
"41400144","NOP","Anthony Davis, Jrue Holiday, Norris Cole, Quincy Pondexter, Ryan Anderson",3,22,23,22,25,585,603,0,2,-2,18
"41400144","GSW","Andre Iguodala, Harrison Barnes, Leandro Barbosa, Marreese Speights, Shaun Livingston",4,31,24,37,31,720,888,6,7,-1,168
"41400144","NOP","Anthony Davis, Dante Cunningham, Jrue Holiday, Norris Cole, Ryan Anderson",4,22,25,22,28,603,691,0,3,-3,88
"41400144","GSW","Andre Iguodala, Draymond Green, Harrison Barnes, Leandro Barbosa, Shaun Livingston",5,37,31,37,31,888,923,0,0,0,35
"41400144","NOP","Alexis Ajinca, Dante Cunningham, Jrue Holiday, Norris Cole, Ryan Anderson",5,22,28,28,37,691,830,6,9,-3,139
"41400144","GSW","Andre Iguodala, Draymond Green, Harrison Barnes, Klay Thompson, Shaun Livingston",6,37,31,43,37,923,1057,6,6,0,134
"41400144","NOP","Dante Cunningham, Jrue Holiday, Norris Cole, Ryan Anderson, Tyreke Evans",6,28,37,31,37,830,923,3,0,3,93
"41400144","GSW","Andre Iguodala, Draymond Green, Klay Thompson, Shaun Livingston, Stephen Curry",7,43,37,43,37,1057,1057,0,0,0,0
"41400144","NOP","Anthony Davis, Dante Cunningham, Jrue Holiday, Ryan Anderson, Tyreke Evans",7,31,37,33,43,923,1010,2,6,-4,87
"41400144","GSW","Andrew Bogut, Draymond Green, Klay Thompson, Shaun Livingston, Stephen Curry",8,43,37,54,47,1057,1242,11,10,1,185
"41400144","NOP","Anthony Davis, Dante Cunningham, Eric Gordon, Ryan Anderson, Tyreke Evans",8,33,43,42,49,1010,1128,9,6,3,118
"41400144","GSW","Draymond Green, Festus Ezeli, Klay Thompson, Shaun Livingston, Stephen Curry",9,54,47,60,47,1242,1319,6,0,6,77
"41400144","NOP","Anthony Davis, Dante Cunningham, Eric Gordon, Omer Asik, Tyreke Evans",9,42,49,47,54,1128,1242,5,5,0,114
"41400144","GSW","Draymond Green, Harrison Barnes, Klay Thompson, Shaun Livingston, Stephen Curry",10,60,47,67,54,1319,1440,7,7,0,121
"41400144","NOP","Anthony Davis, Dante Cunningham, Eric Gordon, Ryan Anderson, Tyreke Evans",10,47,54,50,60,1242,1335,3,6,-3,93
"41400144","GSW","Andrew Bogut, Draymond Green, Harrison Barnes, Klay Thompson, Stephen Curry",11,67,54,78,62,1440,1812,11,8,3,372
"41400144","NOP","Anthony Davis, Eric Gordon, Quincy Pondexter, Ryan Anderson, Tyreke Evans",11,50,60,54,67,1335,1440,4,7,-3,105
"41400144","GSW","Andre Iguodala, Draymond Green, Harrison Barnes, Klay Thompson, Stephen Curry",12,78,62,85,62,1812,1911,7,0,7,99
"41400144","NOP","Anthony Davis, Eric Gordon, Omer Asik, Quincy Pondexter, Tyreke Evans",12,54,67,60,76,1440,1679,6,9,-3,239
"41400144","GSW","Andre Iguodala, Draymond Green, Harrison Barnes, Klay Thompson, Shaun Livingston",13,85,62,87,65,1911,2045,2,3,-1,134
"41400144","NOP","Anthony Davis, Eric Gordon, Quincy Pondexter, Ryan Anderson, Tyreke Evans",13,60,76,60,76,1679,1765,0,0,0,86
"41400144","GSW","Andre Iguodala, Festus Ezeli, Harrison Barnes, Klay Thompson, Shaun Livingston",14,87,65,88,67,2045,2160,1,2,-1,115
"41400144","NOP","Anthony Davis, Eric Gordon, Norris Cole, Ryan Anderson, Tyreke Evans",14,60,76,62,80,1765,1846,2,4,-2,81
"41400144","GSW","Andre Iguodala, Harrison Barnes, Marreese Speights, Shaun Livingston, Stephen Curry",15,88,67,88,72,2160,2235,0,5,-5,75
"41400144","NOP","Anthony Davis, Eric Gordon, Jrue Holiday, Norris Cole, Ryan Anderson",15,62,80,65,87,1846,2038,3,7,-4,192
"41400144","GSW","Andre Iguodala, Harrison Barnes, Leandro Barbosa, Marreese Speights, Stephen Curry",16,88,72,88,72,2235,2248,0,0,0,13
"41400144","NOP","Anthony Davis, Dante Cunningham, Jrue Holiday, Norris Cole, Ryan Anderson",16,65,87,67,88,2038,2109,2,1,1,71
"41400144","GSW","Andre Iguodala, Draymond Green, Harrison Barnes, Leandro Barbosa, Stephen Curry",17,88,72,92,76,2248,2354,4,4,0,106
"41400144","NOP","Dante Cunningham, Jrue Holiday, Norris Cole, Quincy Pondexter, Ryan Anderson",17,67,88,76,92,2109,2335,9,4,5,226
"41400144","GSW","Andre Iguodala, Andrew Bogut, Draymond Green, Leandro Barbosa, Stephen Curry",18,92,76,95,78,2354,2414,3,2,1,60
"41400144","NOP","Anthony Davis, Dante Cunningham, Jrue Holiday, Norris Cole, Ryan Anderson",18,76,92,78,95,2335,2414,2,3,-1,79
"41400144","GSW","Andre Iguodala, Andrew Bogut, Draymond Green, Klay Thompson, Stephen Curry",19,95,78,95,85,2414,2520,0,7,-7,106
"41400144","NOP","Anthony Davis, Dante Cunningham, Eric Gordon, Norris Cole, Ryan Anderson",19,78,95,78,95,2414,2414,0,0,0,0
"41400144","GSW","Andrew Bogut, Draymond Green, Harrison Barnes, Klay Thompson, Stephen Curry",20,95,85,103,94,2520,2788,8,9,-1,268
"41400144","NOP","Anthony Davis, Dante Cunningham, Eric Gordon, Ryan Anderson, Tyreke Evans",20,78,95,98,108,2414,2842,20,13,7,428
"41400144","GSW","Andre Iguodala, Draymond Green, Harrison Barnes, Klay Thompson, Stephen Curry",21,103,94,109,98,2788,2880,6,4,2,92
"41400144","NOP","Anthony Davis, Eric Gordon, Norris Cole, Ryan Anderson, Tyreke Evans",21,98,108,98,109,2842,2880,0,1,-1,38
"41400151","DAL","Chandler Parsons, Dirk Nowitzki, Monta Ellis, Rajon Rondo, Tyson Chandler",0,0,0,6,14,0,306,6,14,-8,306
"41400151","HOU","Dwight Howard, James Harden, Jason Terry, Terrence Jones, Trevor Ariza",0,0,0,19,8,0,380,19,8,11,380
"41400151","DAL","Al-Farouq Aminu, Chandler Parsons, Monta Ellis, Rajon Rondo, Tyson Chandler",1,6,14,8,19,306,380,2,5,-3,74
"41400151","HOU","Clint Capela, James Harden, Jason Terry, Terrence Jones, Trevor Ariza",1,19,8,20,10,380,407,1,2,-1,27
"41400151","DAL","Al-Farouq Aminu, Dirk Nowitzki, Monta Ellis, Rajon Rondo, Tyson Chandler",2,8,19,8,19,380,380,0,0,0,0
"41400151","HOU","Clint Capela, James Harden, Pablo Prigioni, Terrence Jones, Trevor Ariza",2,20,10,24,12,407,454,4,2,2,47
"41400151","DAL","Al-Farouq Aminu, Devin Harris, Dirk Nowitzki, Monta Ellis, Tyson Chandler",3,8,19,10,20,380,407,2,1,1,27
"41400151","HOU","Clint Capela, James Harden, Josh Smith, Pablo Prigioni, Trevor Ariza",3,24,12,24,14,454,492,0,2,-2,38
"41400151","DAL","Al-Farouq Aminu, Amar'e Stoudemire, Devin Harris, Dirk Nowitzki, Monta Ellis",4,10,20,17,28,407,570,7,8,-1,163
"41400151","HOU","Clint Capela, Corey Brewer, James Harden, Josh Smith, Pablo Prigioni",4,24,14,32,19,492,720,8,5,3,228
"41400151","DAL","Al-Farouq Aminu, Amar'e Stoudemire, Chandler Parsons, Devin Harris, Monta Ellis",5,17,28,17,30,570,618,0,2,-2,48
"41400151","HOU","Corey Brewer, Dwight Howard, Josh Smith, Pablo Prigioni, Trevor Ariza",5,32,19,33,23,720,844,1,4,-3,124
"41400151","DAL","Al-Farouq Aminu, Amar'e Stoudemire, Chandler Parsons, Devin Harris, J.J. Barea",6,17,30,25,35,618,907,8,5,3,289
"41400151","HOU","Corey Brewer, Josh Smith, Pablo Prigioni, Terrence Jones, Trevor Ariza",6,33,23,35,28,844,975,2,5,-3,131
"41400151","DAL","Amar'e Stoudemire, Chandler Parsons, Devin Harris, J.J. Barea, Tyson Chandler",7,25,35,25,35,907,907,0,0,0,0
"41400151","HOU","Corey Brewer, Jason Terry, Josh Smith, Terrence Jones, Trevor Ariza",7,35,28,35,28,975,975,0,0,0,0
"41400151","DAL","Chandler Parsons, Devin Harris, Dirk Nowitzki, J.J. Barea, Tyson Chandler",8,25,35,28,35,907,975,3,0,3,68
"41400151","HOU","James Harden, Jason Terry, Josh Smith, Terrence Jones, Trevor Ariza",8,35,28,37,32,975,1053,2,4,-2,78
"41400151","DAL","Chandler Parsons, Dirk Nowitzki, J.J. Barea, Monta Ellis, Tyson Chandler",9,28,35,28,35,975,975,0,0,0,0
"41400151","HOU","Clint Capela, James Harden, Jason Terry, Terrence Jones, Trevor Ariza",9,37,32,42,42,1053,1200,5,10,-5,147
"41400151","DAL","Chandler Parsons, Dirk Nowitzki, Monta Ellis, Rajon Rondo, Tyson Chandler",10,28,35,32,37,975,1053,4,2,2,78
"41400151","HOU","James Harden, Jason Terry, Josh Smith, Terrence Jones, Trevor Ariza",10,42,42,56,55,1200,1410,14,13,1,210
"41400151","DAL","Dirk Nowitzki, Monta Ellis, Rajon Rondo, Richard Jefferson, Tyson Chandler",11,32,37,46,48,1053,1280,14,11,3,227
"41400151","HOU","Corey Brewer, James Harden, Josh Smith, Terrence Jones, Trevor Ariza",11,56,55,59,55,1410,1440,3,0,3,30
"41400151","DAL","Chandler Parsons, Dirk Nowitzki, Monta Ellis, Rajon Rondo, Tyson Chandler",12,46,48,53,54,1280,1397,7,6,1,117
"41400151","HOU","Dwight Howard, James Harden, Jason Terry, Terrence Jones, Trevor Ariza",12,59,55,70,62,1440,1672,11,7,4,232
"41400151","DAL","Chandler Parsons, Charlie Villanueva, Monta Ellis, Rajon Rondo, Tyson Chandler",13,53,54,55,59,1397,1440,2,5,-3,43
"41400151","HOU","Dwight Howard, James Harden, Jason Terry, Josh Smith, Trevor Ariza",13,70,62,70,62,1672,1676,0,0,0,4
"41400151","DAL","Chandler Parsons, Dirk Nowitzki, Monta Ellis, Rajon Rondo, Tyson Chandler",14,55,59,66,80,1440,1859,11,21,-10,419
"41400151","HOU","Clint Capela, James Harden, Jason Terry, Josh Smith, Trevor Ariza",14,70,62,80,66,1676,1821,10,4,6,145
"41400151","DAL","Al-Farouq Aminu, Chandler Parsons, Monta Ellis, Rajon Rondo, Tyson Chandler",15,66,80,66,80,1859,1859,0,0,0,0
"41400151","HOU","Clint Capela, James Harden, Josh Smith, Pablo Prigioni, Trevor Ariza",15,80,66,80,70,1821,1961,0,4,-4,140
"41400151","DAL","Al-Farouq Aminu, Amar'e Stoudemire, Chandler Parsons, Monta Ellis, Rajon Rondo",16,66,80,66,80,1859,1859,0,0,0,0
"41400151","HOU","Clint Capela, Corey Brewer, James Harden, Josh Smith, Pablo Prigioni",16,80,70,84,72,1961,2115,4,2,2,154
"41400151","DAL","Al-Farouq Aminu, Amar'e Stoudemire, Chandler Parsons, J.J. Barea, Monta Ellis",17,66,80,72,84,1859,2115,6,4,2,256
"41400151","HOU","Clint Capela, Corey Brewer, James Harden, Pablo Prigioni, Terrence Jones",17,84,72,84,77,2115,2160,0,5,-5,45
"41400151","DAL","Al-Farouq Aminu, Amar'e Stoudemire, Dirk Nowitzki, J.J. Barea, Monta Ellis",18,72,84,81,88,2115,2306,9,4,5,191
"41400151","HOU","Corey Brewer, Dwight Howard, Pablo Prigioni, Terrence Jones, Trevor Ariza",18,84,77,95,87,2160,2457,11,10,1,297
"41400151","DAL","Al-Farouq Aminu, Dirk Nowitzki, J.J. Barea, Monta Ellis, Tyson Chandler",19,81,88,81,88,2306,2306,0,0,0,0
"41400151","HOU","Corey Brewer, Josh Smith, Pablo Prigioni, Terrence Jones, Trevor Ariza",19,95,87,95,87,2457,2457,0,0,0,0
"41400151","DAL","Al-Farouq Aminu, Dirk Nowitzki, J.J. Barea, Rajon Rondo, Tyson Chandler",20,81,88,81,90,2306,2355,0,2,-2,49
"41400151","HOU","Corey Brewer, James Harden, Josh Smith, Pablo Prigioni, Terrence Jones",20,95,87,100,89,2457,2513,5,2,3,56
"41400151","DAL","Chandler Parsons, Dirk Nowitzki, J.J. Barea, Rajon Rondo, Tyson Chandler",21,81,90,89,100,2355,2513,8,10,-2,158
"41400151","HOU","Corey Brewer, James Harden, Jason Terry, Josh Smith, Terrence Jones",21,100,89,106,95,2513,2632,6,6,0,119
"41400151","DAL","Chandler Parsons, J.J. Barea, Monta Ellis, Rajon Rondo, Tyson Chandler",22,89,100,93,105,2513,2613,4,5,-1,100
"41400151","HOU","Corey Brewer, James Harden, Jason Terry, Terrence Jones, Trevor Ariza",22,106,95,111,97,2632,2745,5,2,3,113
"41400151","DAL","Chandler Parsons, Dirk Nowitzki, Monta Ellis, Rajon Rondo, Tyson Chandler",23,93,105,95,109,2613,2680,2,4,-2,67
"41400151","HOU","Corey Brewer, Dwight Howard, James Harden, Terrence Jones, Trevor Ariza",23,111,97,111,98,2745,2749,0,1,-1,4
"41400151","DAL","Chandler Parsons, Dirk Nowitzki, J.J. Barea, Monta Ellis, Tyson Chandler",24,95,109,100,111,2680,2816,5,2,3,136
"41400151","HOU","Corey Brewer, James Harden, Jason Terry, Terrence Jones, Trevor Ariza",24,111,98,111,100,2749,2815,0,2,-2,66
"41400151","DAL","Chandler Parsons, Charlie Villanueva, Dirk Nowitzki, J.J. Barea, Monta Ellis",25,100,111,108,118,2816,2864,8,7,1,48
"41400151","HOU","Corey Brewer, Dwight Howard, James Harden, Terrence Jones, Trevor Ariza",25,111,100,111,100,2815,2816,0,0,0,1
"41400151","DAL","Al-Farouq Aminu, Chandler Parsons, Charlie Villanueva, J.J. Barea, Monta Ellis",26,108,118,108,118,2864,2864,0,0,0,0
"41400151","HOU","Corey Brewer, James Harden, Josh Smith, Terrence Jones, Trevor Ariza",26,111,100,116,106,2816,2852,5,6,-1,36
"41400151","DAL","Al-Farouq Aminu, Charlie Villanueva, J.J. Barea, Monta Ellis, Richard Jefferson",27,108,118,108,118,2864,2880,0,0,0,16
"41400151","HOU","Corey Brewer, James Harden, Jason Terry, Josh Smith, Trevor Ariza",27,116,106,118,108,2852,2880,2,2,0,28
"41400152","DAL","Dirk Nowitzki, Monta Ellis, Rajon Rondo, Richard Jefferson, Tyson Chandler",0,0,0,6,11,0,306,6,11,-5,306
"41400152","HOU","Dwight Howard, James Harden, Jason Terry, Terrence Jones, Trevor Ariza",0,0,0,16,10,0,377,16,10,6,377
"41400152","DAL","Dirk Nowitzki, J.J. Barea, Monta Ellis, Richard Jefferson, Tyson Chandler",1,6,11,8,14,306,330,2,3,-1,24
"41400152","HOU","Clint Capela, James Harden, Jason Terry, Terrence Jones, Trevor Ariza",1,16,10,16,10,377,377,0,0,0,0
"41400152","DAL","Al-Farouq Aminu, Dirk Nowitzki, J.J. Barea, Monta Ellis, Tyson Chandler",2,8,14,10,16,330,377,2,2,0,47
"41400152","HOU","Clint Capela, James Harden, Jason Terry, Josh Smith, Trevor Ariza",2,16,10,18,14,377,544,2,4,-2,167
"41400152","DAL","Al-Farouq Aminu, Amar'e Stoudemire, Dirk Nowitzki, J.J. Barea, Monta Ellis",3,10,16,14,18,377,544,4,2,2,167
"41400152","HOU","Clint Capela, James Harden, Jason Terry, Josh Smith, Pablo Prigioni",3,18,14,18,14,544,544,0,0,0,0
"41400152","DAL","Al-Farouq Aminu, Amar'e Stoudemire, Charlie Villanueva, J.J. Barea, Monta Ellis",4,14,18,24,23,544,720,10,5,5,176
"41400152","HOU","Clint Capela, Corey Brewer, James Harden, Josh Smith, Pablo Prigioni",4,18,14,20,19,544,635,2,5,-3,91
"41400152","DAL","Al-Farouq Aminu, Amar'e Stoudemire, Dirk Nowitzki, J.J. Barea, Raymond Felton",5,24,23,30,27,720,858,6,4,2,138
"41400152","HOU","Corey Brewer, Dwight Howard, James Harden, Josh Smith, Pablo Prigioni",5,20,19,22,22,635,688,2,3,-1,53
"41400152","DAL","Al-Farouq Aminu, Dirk Nowitzki, J.J. Barea, Raymond Felton, Tyson Chandler",6,30,27,38,36,858,1064,8,9,-1,206
"41400152","HOU","Corey Brewer, Dwight Howard, Josh Smith, Pablo Prigioni, Trevor Ariza",6,22,22,22,24,688,700,0,2,-2,12
"41400152","DAL","Al-Farouq Aminu, Charlie Villanueva, J.J. Barea, Raymond Felton, Tyson Chandler",7,38,36,38,38,1064,1110,0,2,-2,46
"41400152","HOU","Corey Brewer, Dwight Howard, James Harden, Pablo Prigioni, Trevor Ariza",7,22,24,23,24,700,720,1,0,1,20
"41400152","DAL","Al-Farouq Aminu, Charlie Villanueva, Raymond Felton, Richard Jefferson, Tyson Chandler",8,38,38,38,38,1110,1110,0,0,0,0
"41400152","HOU","Corey Brewer, Dwight Howard, Pablo Prigioni, Terrence Jones, Trevor Ariza",8,23,24,36,38,720,1064,13,14,-1,344
"41400152","DAL","Charlie Villanueva, Monta Ellis, Raymond Felton, Richard Jefferson, Tyson Chandler",9,38,38,38,38,1110,1110,0,0,0,0
"41400152","HOU","Corey Brewer, Dwight Howard, Jason Terry, Terrence Jones, Trevor Ariza",9,36,38,36,38,1064,1064,0,0,0,0
"41400152","DAL","Charlie Villanueva, Monta Ellis, Rajon Rondo, Richard Jefferson, Tyson Chandler",10,38,38,42,42,1110,1238,4,4,0,128
"41400152","HOU","Corey Brewer, Jason Terry, Josh Smith, Terrence Jones, Trevor Ariza",10,36,38,36,38,1064,1064,0,0,0,0
"41400152","DAL","Dirk Nowitzki, Monta Ellis, Rajon Rondo, Richard Jefferson, Tyson Chandler",11,42,42,45,49,1238,1365,3,7,-4,127
"41400152","HOU","James Harden, Jason Terry, Josh Smith, Terrence Jones, Trevor Ariza",11,36,38,38,38,1064,1110,2,0,2,46
"41400152","DAL","Dirk Nowitzki, J.J. Barea, Monta Ellis, Richard Jefferson, Tyson Chandler",12,45,49,49,51,1365,1394,4,2,2,29
"41400152","HOU","Clint Capela, James Harden, Jason Terry, Terrence Jones, Trevor Ariza",12,38,38,42,42,1110,1238,4,4,0,128
"41400152","DAL","Al-Farouq Aminu, J.J. Barea, Monta Ellis, Richard Jefferson, Tyson Chandler",13,49,51,49,53,1394,1414,0,2,-2,20
"41400152","HOU","Clint Capela, Corey Brewer, James Harden, Jason Terry, Trevor Ariza",13,42,42,47,45,1238,1358,5,3,2,120
"41400152","DAL","Dirk Nowitzki, J.J. Barea, Monta Ellis, Richard Jefferson, Tyson Chandler",14,49,53,49,53,1414,1414,0,0,0,0
"41400152","HOU","Corey Brewer, James Harden, Jason Terry, Terrence Jones, Trevor Ariza",14,47,45,53,51,1358,1440,6,6,0,82
"41400152","DAL","Amar'e Stoudemire, Dirk Nowitzki, J.J. Barea, Monta Ellis, Richard Jefferson",15,49,53,51,53,1414,1433,2,0,2,19
"41400152","HOU","Dwight Howard, James Harden, Jason Terry, Terrence Jones, Trevor Ariza",15,53,51,62,61,1440,1673,9,10,-1,233
"41400152","DAL","Al-Farouq Aminu, Dirk Nowitzki, J.J. Barea, Monta Ellis, Richard Jefferson",16,51,53,51,53,1433,1440,0,0,0,7
"41400152","HOU","Dwight Howard, James Harden, Jason Terry, Josh Smith, Trevor Ariza",16,62,61,71,66,1673,1837,9,5,4,164
"41400152","DAL","Dirk Nowitzki, Monta Ellis, Rajon Rondo, Richard Jefferson, Tyson Chandler",17,51,53,53,57,1440,1474,2,4,-2,34
"41400152","HOU","Corey Brewer, Dwight Howard, James Harden, Jason Terry, Josh Smith",17,71,66,77,70,1837,1933,6,4,2,96
"41400152","DAL","Dirk Nowitzki, J.J. Barea, Monta Ellis, Richard Jefferson, Tyson Chandler",18,53,57,64,67,1474,1801,11,10,1,327
"41400152","HOU","Clint Capela, Corey Brewer, James Harden, Jason Terry, Josh Smith",18,77,70,77,72,1933,1949,0,2,-2,16
"41400152","DAL","Charlie Villanueva, J.J. Barea, Monta Ellis, Richard Jefferson, Tyson Chandler",19,64,67,66,71,1801,1837,2,4,-2,36
"41400152","HOU","Clint Capela, Corey Brewer, James Harden, Josh Smith, Pablo Prigioni",19,77,72,78,75,1949,2022,1,3,-2,73
"41400152","DAL","Dirk Nowitzki, J.J. Barea, Monta Ellis, Richard Jefferson, Tyson Chandler",20,66,71,70,77,1837,1933,4,6,-2,96
"41400152","HOU","Corey Brewer, James Harden, Josh Smith, Pablo Prigioni, Terrence Jones",20,78,75,81,80,2022,2160,3,5,-2,138
"41400152","DAL","Amar'e Stoudemire, Dirk Nowitzki, J.J. Barea, Monta Ellis, Richard Jefferson",21,70,77,72,77,1933,1949,2,0,2,16
"41400152","HOU","Corey Brewer, Dwight Howard, Josh Smith, Pablo Prigioni, Trevor Ariza",21,81,80,100,90,2160,2606,19,10,9,446
"41400152","DAL","Al-Farouq Aminu, Amar'e Stoudemire, Dirk Nowitzki, J.J. Barea, Monta Ellis",22,72,77,75,78,1949,2022,3,1,2,73
"41400152","HOU","Corey Brewer, Dwight Howard, James Harden, Josh Smith, Pablo Prigioni",22,100,90,111,96,2606,2847,11,6,5,241
"41400152","DAL","Al-Farouq Aminu, Amar'e Stoudemire, Dirk Nowitzki, Monta Ellis, Raymond Felton",23,75,78,77,81,2022,2137,2,3,-1,115
"41400152","HOU","Corey Brewer, James Harden, Josh Smith, Nick Johnson, Pablo Prigioni",23,111,96,111,96,2847,2847,0,0,0,0
"41400152","DAL","Al-Farouq Aminu, Amar'e Stoudemire, Monta Ellis, Raymond Felton, Richard Jefferson",24,77,81,77,81,2137,2137,0,0,0,0
"41400152","HOU","Corey Brewer, Josh Smith, Kostas Papanikolaou, Nick Johnson, Pablo Prigioni",24,111,96,111,96,2847,2847,0,0,0,0
"41400152","DAL","Al-Farouq Aminu, Monta Ellis, Raymond Felton, Richard Jefferson, Tyson Chandler",25,77,81,77,81,2137,2155,0,0,0,18
"41400152","HOU","Clint Capela, Corey Brewer, Kostas Papanikolaou, Nick Johnson, Pablo Prigioni",25,111,96,111,96,2847,2847,0,0,0,0
"41400152","DAL","Al-Farouq Aminu, Charlie Villanueva, Monta Ellis, Raymond Felton, Richard Jefferson",26,77,81,80,81,2155,2160,3,0,3,5
"41400152","HOU","Clint Capela, Joey Dorsey, Kostas Papanikolaou, Nick Johnson, Pablo Prigioni",26,111,96,111,99,2847,2880,0,3,-3,33
"41400152","DAL","Al-Farouq Aminu, Amar'e Stoudemire, Charlie Villanueva, Monta Ellis, Raymond Felton",27,80,81,84,86,2160,2263,4,5,-1,103
"41400152","DAL","Al-Farouq Aminu, Amar'e Stoudemire, Charlie Villanueva, Dirk Nowitzki, Raymond Felton",28,84,86,84,86,2263,2263,0,0,0,0
"41400152","DAL","Al-Farouq Aminu, Amar'e Stoudemire, Dirk Nowitzki, J.J. Barea, Raymond Felton",29,84,86,84,92,2263,2389,0,6,-6,126
"41400152","DAL","Amar'e Stoudemire, Dirk Nowitzki, J.J. Barea, Raymond Felton, Tyson Chandler",30,84,92,84,92,2389,2389,0,0,0,0
"41400152","DAL","Dirk Nowitzki, J.J. Barea, Monta Ellis, Raymond Felton, Tyson Chandler",31,84,92,84,92,2389,2389,0,0,0,0
"41400152","DAL","Dirk Nowitzki, J.J. Barea, Monta Ellis, Richard Jefferson, Tyson Chandler",32,84,92,90,100,2389,2563,6,8,-2,174
"41400152","DAL","Dirk Nowitzki, J.J. Barea, Monta Ellis, Raymond Felton, Tyson Chandler",33,90,100,92,103,2563,2689,2,3,-1,126
"41400152","DAL","Al-Farouq Aminu, J.J. Barea, Monta Ellis, Raymond Felton, Tyson Chandler",34,92,103,92,105,2689,2691,0,2,-2,2
"41400152","DAL","Dirk Nowitzki, J.J. Barea, Monta Ellis, Raymond Felton, Tyson Chandler",35,92,105,96,111,2691,2769,4,6,-2,78
"41400152","DAL","Al-Farouq Aminu, J.J. Barea, Monta Ellis, Raymond Felton, Tyson Chandler",36,96,111,96,111,2769,2769,0,0,0,0
"41400152","DAL","Al-Farouq Aminu, Bernard James, J.J. Barea, Monta Ellis, Raymond Felton",37,96,111,96,111,2769,2769,0,0,0,0
"41400152","DAL","Al-Farouq Aminu, Bernard James, Dwight Powell, J.J. Barea, Raymond Felton",38,96,111,96,111,2769,2847,0,0,0,78
"41400152","DAL","Al-Farouq Aminu, Bernard James, Charlie Villanueva, Dwight Powell, Raymond Felton",39,96,111,99,111,2847,2880,3,0,3,33
"41400153","DAL","Dirk Nowitzki, Monta Ellis, Raymond Felton, Richard Jefferson, Tyson Chandler",0,0,0,5,7,0,184,5,7,-2,184
"41400153","HOU","Dwight Howard, James Harden, Jason Terry, Terrence Jones, Trevor Ariza",0,0,0,25,15,0,427,25,15,10,427
"41400153","DAL","Devin Harris, Dirk Nowitzki, Monta Ellis, Richard Jefferson, Tyson Chandler",1,5,7,9,12,184,275,4,5,-1,91
"41400153","HOU","Dwight Howard, James Harden, Pablo Prigioni, Terrence Jones, Trevor Ariza",1,25,15,25,15,427,427,0,0,0,0
"41400153","DAL","Al-Farouq Aminu, Devin Harris, Monta Ellis, Richard Jefferson, Tyson Chandler",2,9,12,9,14,275,283,0,2,-2,8
"41400153","HOU","James Harden, Josh Smith, Pablo Prigioni, Terrence Jones, Trevor Ariza",2,25,15,27,15,427,454,2,0,2,27
"41400153","DAL","Al-Farouq Aminu, Charlie Villanueva, Devin Harris, Monta Ellis, Tyson Chandler",3,9,14,15,25,283,427,6,11,-5,144
"41400153","HOU","Corey Brewer, James Harden, Josh Smith, Pablo Prigioni, Terrence Jones",3,27,15,29,19,454,497,2,4,-2,43
"41400153","DAL","Al-Farouq Aminu, Amar'e Stoudemire, Charlie Villanueva, Devin Harris, Monta Ellis",4,15,25,15,25,427,427,0,0,0,0
"41400153","HOU","Clint Capela, Corey Brewer, James Harden, Josh Smith, Pablo Prigioni",4,29,19,37,31,497,615,8,12,-4,118
"41400153","DAL","Al-Farouq Aminu, Amar'e Stoudemire, Devin Harris, Dirk Nowitzki, Monta Ellis",5,15,25,15,25,427,427,0,0,0,0
"41400153","HOU","Corey Brewer, Dwight Howard, James Harden, Josh Smith, Pablo Prigioni",5,37,31,37,36,615,670,0,5,-5,55
"41400153","DAL","Amar'e Stoudemire, Devin Harris, Dirk Nowitzki, Monta Ellis, Richard Jefferson",6,15,25,28,35,427,593,13,10,3,166
"41400153","HOU","Corey Brewer, Dwight Howard, Josh Smith, Pablo Prigioni, Trevor Ariza",6,37,36,44,44,670,848,7,8,-1,178
"41400153","DAL","Amar'e Stoudemire, Devin Harris, Dirk Nowitzki, J.J. Barea, Monta Ellis",7,28,35,36,42,593,720,8,7,1,127
"41400153","HOU","Corey Brewer, Dwight Howard, Pablo Prigioni, Terrence Jones, Trevor Ariza",7,44,44,49,52,848,1064,5,8,-3,216
"41400153","DAL","Al-Farouq Aminu, Amar'e Stoudemire, Devin Harris, Dirk Nowitzki, J.J. Barea",8,36,42,37,42,720,736,1,0,1,16
"41400153","HOU","Corey Brewer, James Harden, Pablo Prigioni, Terrence Jones, Trevor Ariza",8,49,52,49,52,1064,1064,0,0,0,0
"41400153","DAL","Al-Farouq Aminu, Amar'e Stoudemire, Dirk Nowitzki, J.J. Barea, Raymond Felton",9,37,42,46,47,736,904,9,5,4,168
"41400153","HOU","Corey Brewer, James Harden, Jason Terry, Terrence Jones, Trevor Ariza",9,49,52,49,52,1064,1064,0,0,0,0
"41400153","DAL","Al-Farouq Aminu, Dirk Nowitzki, J.J. Barea, Raymond Felton, Tyson Chandler",10,46,47,46,47,904,904,0,0,0,0
"41400153","HOU","James Harden, Jason Terry, Josh Smith, Terrence Jones, Trevor Ariza",10,49,52,51,62,1064,1209,2,10,-8,145
"41400153","DAL","Al-Farouq Aminu, Charlie Villanueva, J.J. Barea, Raymond Felton, Tyson Chandler",11,46,47,52,49,904,1064,6,2,4,160
"41400153","HOU","Dwight Howard, James Harden, Jason Terry, Josh Smith, Trevor Ariza",11,51,62,65,72,1209,1440,14,10,4,231
"41400153","DAL","Al-Farouq Aminu, Charlie Villanueva, J.J. Barea, Monta Ellis, Tyson Chandler",12,52,49,62,54,1064,1233,10,5,5,169
"41400153","HOU","Dwight Howard, James Harden, Jason Terry, Terrence Jones, Trevor Ariza",12,65,72,83,82,1440,1851,18,10,8,411
"41400153","DAL","Al-Farouq Aminu, Devin Harris, J.J. Barea, Monta Ellis, Tyson Chandler",13,62,54,62,54,1233,1233,0,0,0,0
"41400153","HOU","Dwight Howard, James Harden, Jason Terry, Josh Smith, Terrence Jones",13,83,82,83,82,1851,1851,0,0,0,0
"41400153","DAL","Al-Farouq Aminu, Devin Harris, Dirk Nowitzki, Monta Ellis, Tyson Chandler",14,62,54,72,61,1233,1398,10,7,3,165
"41400153","HOU","Corey Brewer, Dwight Howard, James Harden, Jason Terry, Josh Smith",14,83,82,88,84,1851,1910,5,2,3,59
"41400153","DAL","Al-Farouq Aminu, Devin Harris, Monta Ellis, Richard Jefferson, Tyson Chandler",15,72,61,72,65,1398,1440,0,4,-4,42
"41400153","HOU","Clint Capela, Corey Brewer, James Harden, Jason Terry, Josh Smith",15,88,84,94,88,1910,1989,6,4,2,79
"41400153","DAL","Dirk Nowitzki, Monta Ellis, Raymond Felton, Richard Jefferson, Tyson Chandler",16,72,65,76,72,1440,1682,4,7,-3,242
"41400153","HOU","Clint Capela, Corey Brewer, James Harden, Josh Smith, Pablo Prigioni",16,94,88,101,99,1989,2160,7,11,-4,171
"41400153","DAL","Devin Harris, Dirk Nowitzki, Monta Ellis, Raymond Felton, Tyson Chandler",17,76,72,76,72,1682,1682,0,0,0,0
"41400153","HOU","Corey Brewer, Dwight Howard, Josh Smith, Pablo Prigioni, Trevor Ariza",17,101,99,112,103,2160,2478,11,4,7,318
"41400153","DAL","Al-Farouq Aminu, Devin Harris, Dirk Nowitzki, Monta Ellis, Tyson Chandler",18,76,72,82,86,1682,1870,6,14,-8,188
"41400153","HOU","Corey Brewer, Dwight Howard, James Harden, Pablo Prigioni, Trevor Ariza",18,112,103,112,103,2478,2478,0,0,0,0
"41400153","DAL","Al-Farouq Aminu, Charlie Villanueva, Devin Harris, Monta Ellis, Tyson Chandler",19,82,86,88,94,1870,1989,6,8,-2,119
"41400153","HOU","Dwight Howard, James Harden, Pablo Prigioni, Terrence Jones, Trevor Ariza",19,112,103,117,108,2478,2554,5,5,0,76
"41400153","DAL","Al-Farouq Aminu, Amar'e Stoudemire, Charlie Villanueva, Devin Harris, Monta Ellis",20,88,94,88,94,1989,1989,0,0,0,0
"41400153","HOU","Dwight Howard, James Harden, Jason Terry, Terrence Jones, Trevor Ariza",20,117,108,122,116,2554,2691,5,8,-3,137
"41400153","DAL","Al-Farouq Aminu, Amar'e Stoudemire, Charlie Villanueva, J.J. Barea, Monta Ellis",21,88,94,93,99,1989,2073,5,5,0,84
"41400153","HOU","Dwight Howard, James Harden, Jason Terry, Josh Smith, Trevor Ariza",21,122,116,127,123,2691,2824,5,7,-2,133
"41400153","DAL","Al-Farouq Aminu, Amar'e Stoudemire, Dirk Nowitzki, J.J. Barea, Monta Ellis",22,93,99,99,101,2073,2159,6,2,4,86
"41400153","HOU","Corey Brewer, Dwight Howard, James Harden, Josh Smith, Trevor Ariza",22,127,123,127,126,2824,2847,0,3,-3,23
"41400153","DAL","Al-Farouq Aminu, Amar'e Stoudemire, J.J. Barea, Monta Ellis, Richard Jefferson",23,99,101,99,101,2159,2160,0,0,0,1
"41400153","HOU","Dwight Howard, James Harden, Jason Terry, Josh Smith, Trevor Ariza",23,127,126,129,126,2847,2868,2,0,2,21
"41400153","DAL","Al-Farouq Aminu, Amar'e Stoudemire, Devin Harris, Dirk Nowitzki, J.J. Barea",24,99,101,101,108,2160,2344,2,7,-5,184
"41400153","HOU","Corey Brewer, Dwight Howard, James Harden, Josh Smith, Trevor Ariza",24,129,126,130,128,2868,2880,1,2,-1,12
"41400153","DAL","Al-Farouq Aminu, Amar'e Stoudemire, Dirk Nowitzki, J.J. Barea, Monta Ellis",25,101,108,101,110,2344,2366,0,2,-2,22
"41400153","DAL","Al-Farouq Aminu, Dirk Nowitzki, J.J. Barea, Monta Ellis, Tyson Chandler",26,101,110,123,124,2366,2807,22,14,8,441
"41400153","DAL","Al-Farouq Aminu, Devin Harris, Dirk Nowitzki, Monta Ellis, Tyson Chandler",27,123,124,123,127,2807,2824,0,3,-3,17
"41400153","DAL","Al-Farouq Aminu, Dirk Nowitzki, J.J. Barea, Monta Ellis, Tyson Chandler",28,123,127,126,129,2824,2868,3,2,1,44
"41400153","DAL","Devin Harris, Dirk Nowitzki, J.J. Barea, Monta Ellis, Tyson Chandler",29,126,129,128,130,2868,2873,2,1,1,5
"41400153","DAL","Al-Farouq Aminu, Dirk Nowitzki, J.J. Barea, Monta Ellis, Tyson Chandler",30,128,130,128,130,2873,2874,0,0,0,1
"41400153","DAL","Devin Harris, Dirk Nowitzki, J.J. Barea, Monta Ellis, Tyson Chandler",31,128,130,128,130,2874,2880,0,0,0,6
"41400154","DAL","Al-Farouq Aminu, Dirk Nowitzki, J.J. Barea, Monta Ellis, Tyson Chandler",0,0,0,8,8,0,246,8,8,0,246
"41400154","HOU","Dwight Howard, James Harden, Jason Terry, Terrence Jones, Trevor Ariza",0,0,0,15,15,0,412,15,15,0,412
"41400154","DAL","Al-Farouq Aminu, Amar'e Stoudemire, Dirk Nowitzki, J.J. Barea, Monta Ellis",1,8,8,12,12,246,344,4,4,0,98
"41400154","HOU","Dwight Howard, James Harden, Jason Terry, Josh Smith, Trevor Ariza",1,15,15,24,21,412,518,9,6,3,106
"41400154","DAL","Al-Farouq Aminu, Amar'e Stoudemire, Charlie Villanueva, J.J. Barea, Monta Ellis",2,12,12,12,12,344,344,0,0,0,0
"41400154","HOU","Clint Capela, Dwight Howard, James Harden, Josh Smith, Trevor Ariza",2,24,21,24,21,518,518,0,0,0,0
"41400154","DAL","Al-Farouq Aminu, Charlie Villanueva, J.J. Barea, Monta Ellis, Tyson Chandler",3,12,12,15,15,344,384,3,3,0,40
"41400154","HOU","Clint Capela, Corey Brewer, Dwight Howard, James Harden, Josh Smith",3,24,21,24,21,518,518,0,0,0,0
"41400154","DAL","Al-Farouq Aminu, Amar'e Stoudemire, Charlie Villanueva, J.J. Barea, Monta Ellis",4,15,15,21,24,384,518,6,9,-3,134
"41400154","HOU","Clint Capela, Corey Brewer, James Harden, Josh Smith, Pablo Prigioni",4,24,21,24,21,518,536,0,0,0,18
"41400154","DAL","Al-Farouq Aminu, Charlie Villanueva, Devin Harris, J.J. Barea, Monta Ellis",5,21,24,21,24,518,518,0,0,0,0
"41400154","HOU","Corey Brewer, James Harden, Josh Smith, Pablo Prigioni, Terrence Jones",5,24,21,24,21,536,565,0,0,0,29
"41400154","DAL","Al-Farouq Aminu, Charlie Villanueva, Devin Harris, Dirk Nowitzki, Monta Ellis",6,21,24,21,24,518,555,0,0,0,37
"41400154","HOU","Clint Capela, Corey Brewer, James Harden, Josh Smith, Pablo Prigioni",6,24,21,34,25,565,720,10,4,6,155
"41400154","DAL","Amar'e Stoudemire, Charlie Villanueva, Devin Harris, Dirk Nowitzki, Monta Ellis",7,21,24,21,24,555,555,0,0,0,0
"41400154","HOU","Corey Brewer, Dwight Howard, Josh Smith, Pablo Prigioni, Trevor Ariza",7,34,25,41,36,720,1017,7,11,-4,297
"41400154","DAL","Amar'e Stoudemire, Devin Harris, Dirk Nowitzki, Monta Ellis, Richard Jefferson",8,21,24,23,28,555,629,2,4,-2,74
"41400154","HOU","Corey Brewer, Dwight Howard, James Harden, Josh Smith, Pablo Prigioni",8,41,36,41,36,1017,1017,0,0,0,0
"41400154","DAL","Amar'e Stoudemire, Devin Harris, Dirk Nowitzki, Raymond Felton, Richard Jefferson",9,23,28,25,37,629,758,2,9,-7,129
"41400154","HOU","Corey Brewer, Dwight Howard, James Harden, Jason Terry, Pablo Prigioni",9,41,36,41,36,1017,1017,0,0,0,0
"41400154","DAL","Devin Harris, Dirk Nowitzki, Raymond Felton, Richard Jefferson, Tyson Chandler",10,25,37,25,37,758,758,0,0,0,0
"41400154","HOU","Corey Brewer, Dwight Howard, James Harden, Jason Terry, Terrence Jones",10,41,36,48,53,1017,1233,7,17,-10,216
"41400154","DAL","Devin Harris, Dirk Nowitzki, Monta Ellis, Richard Jefferson, Tyson Chandler",11,25,37,31,38,758,901,6,1,5,143
"41400154","HOU","Dwight Howard, James Harden, Jason Terry, Terrence Jones, Trevor Ariza",11,48,53,50,56,1233,1279,2,3,-1,46
"41400154","DAL","Dirk Nowitzki, J.J. Barea, Monta Ellis, Richard Jefferson, Tyson Chandler",12,31,38,31,41,901,937,0,3,-3,36
"41400154","HOU","James Harden, Jason Terry, Josh Smith, Terrence Jones, Trevor Ariza",12,50,56,53,61,1279,1440,3,5,-2,161
"41400154","DAL","Al-Farouq Aminu, Dirk Nowitzki, J.J. Barea, Monta Ellis, Tyson Chandler",13,31,41,36,41,937,1017,5,0,5,80
"41400154","HOU","Dwight Howard, James Harden, Jason Terry, Terrence Jones, Trevor Ariza",13,53,61,56,65,1440,1655,3,4,-1,215
"41400154","DAL","Al-Farouq Aminu, Charlie Villanueva, J.J. Barea, Monta Ellis, Tyson Chandler",14,36,41,56,53,1017,1333,20,12,8,316
"41400154","HOU","Corey Brewer, Dwight Howard, James Harden, Jason Terry, Trevor Ariza",14,56,65,57,74,1655,1823,1,9,-8,168
"41400154","DAL","Al-Farouq Aminu, Dirk Nowitzki, J.J. Barea, Monta Ellis, Tyson Chandler",15,56,53,72,57,1333,1778,16,4,12,445
"41400154","HOU","Corey Brewer, Dwight Howard, James Harden, Pablo Prigioni, Trevor Ariza",15,57,74,57,81,1823,1886,0,7,-7,63
"41400154","DAL","Al-Farouq Aminu, Amar'e Stoudemire, Dirk Nowitzki, J.J. Barea, Monta Ellis",16,72,57,81,57,1778,1886,9,0,9,108
"41400154","HOU","Corey Brewer, James Harden, Josh Smith, Pablo Prigioni, Trevor Ariza",16,57,81,72,89,1886,2086,15,8,7,200
"41400154","DAL","Al-Farouq Aminu, Amar'e Stoudemire, Charlie Villanueva, J.J. Barea, Monta Ellis",17,81,57,81,61,1886,1939,0,4,-4,53
"41400154","HOU","Corey Brewer, James Harden, Josh Smith, Nick Johnson, Pablo Prigioni",17,72,89,75,94,2086,2160,3,5,-2,74
"41400154","DAL","Al-Farouq Aminu, Amar'e Stoudemire, Charlie Villanueva, Devin Harris, Monta Ellis",18,81,61,89,72,1939,2086,8,11,-3,147
"41400154","HOU","Corey Brewer, Dwight Howard, Josh Smith, Nick Johnson, Pablo Prigioni",18,75,94,89,105,2160,2468,14,11,3,308
"41400154","DAL","Amar'e Stoudemire, Charlie Villanueva, Devin Harris, Monta Ellis, Raymond Felton",19,89,72,89,72,2086,2086,0,0,0,0
"41400154","HOU","Corey Brewer, Dwight Howard, James Harden, Josh Smith, Pablo Prigioni",19,89,105,89,105,2468,2468,0,0,0,0
"41400154","DAL","Amar'e Stoudemire, Devin Harris, Dirk Nowitzki, Monta Ellis, Raymond Felton",20,89,72,91,72,2086,2101,2,0,2,15
"41400154","HOU","Corey Brewer, Dwight Howard, James Harden, Josh Smith, Trevor Ariza",20,89,105,105,119,2468,2784,16,14,2,316
"41400154","DAL","Amar'e Stoudemire, Devin Harris, Monta Ellis, Raymond Felton, Richard Jefferson",21,91,72,91,73,2101,2106,0,1,-1,5
"41400154","HOU","Corey Brewer, Dwight Howard, James Harden, Josh Smith, Kostas Papanikolaou",21,105,119,105,119,2784,2784,0,0,0,0
"41400154","DAL","Amar'e Stoudemire, Devin Harris, Dirk Nowitzki, Raymond Felton, Richard Jefferson",22,91,73,96,82,2106,2296,5,9,-4,190
"41400154","HOU","Corey Brewer, James Harden, Joey Dorsey, Josh Smith, Kostas Papanikolaou",22,105,119,105,119,2784,2784,0,0,0,0
"41400154","DAL","Amar'e Stoudemire, Devin Harris, Dirk Nowitzki, J.J. Barea, Raymond Felton",23,96,82,96,82,2296,2296,0,0,0,0
"41400154","HOU","Corey Brewer, Joey Dorsey, Josh Smith, Kostas Papanikolaou, Nick Johnson",23,105,119,105,119,2784,2784,0,0,0,0
"41400154","DAL","Al-Farouq Aminu, Amar'e Stoudemire, Devin Harris, Dirk Nowitzki, J.J. Barea",24,96,82,102,89,2296,2434,6,7,-1,138
"41400154","HOU","Clint Capela, Corey Brewer, Joey Dorsey, Kostas Papanikolaou, Nick Johnson",24,105,119,109,121,2784,2880,4,2,2,96
"41400154","DAL","Al-Farouq Aminu, Amar'e Stoudemire, Dirk Nowitzki, J.J. Barea, Monta Ellis",25,102,89,102,89,2434,2434,0,0,0,0
"41400154","DAL","Al-Farouq Aminu, Dirk Nowitzki, J.J. Barea, Monta Ellis, Tyson Chandler",26,102,89,109,97,2434,2590,7,8,-1,156
"41400154","DAL","Al-Farouq Aminu, J.J. Barea, Monta Ellis, Richard Jefferson, Tyson Chandler",27,109,97,109,100,2590,2610,0,3,-3,20
"41400154","DAL","Al-Farouq Aminu, Dirk Nowitzki, J.J. Barea, Monta Ellis, Tyson Chandler",28,109,100,119,105,2610,2784,10,5,5,174
"41400154","DAL","Al-Farouq Aminu, J.J. Barea, Monta Ellis, Richard Jefferson, Tyson Chandler",29,119,105,121,107,2784,2822,2,2,0,38
"41400154","DAL","Al-Farouq Aminu, Devin Harris, J.J. Barea, Richard Jefferson, Tyson Chandler",30,121,107,121,109,2822,2880,0,2,-2,58
"41400155","DAL","Al-Farouq Aminu, Dirk Nowitzki, J.J. Barea, Monta Ellis, Tyson Chandler",0,0,0,11,16,0,365,11,16,-5,365
"41400155","HOU","Dwight Howard, James Harden, Jason Terry, Terrence Jones, Trevor Ariza",0,0,0,16,11,0,365,16,11,5,365
"41400155","DAL","Al-Farouq Aminu, Charlie Villanueva, J.J. Barea, Monta Ellis, Tyson Chandler",1,11,16,14,19,365,408,3,3,0,43
"41400155","HOU","Dwight Howard, James Harden, Jason Terry, Josh Smith, Trevor Ariza",1,16,11,19,14,365,408,3,3,0,43
"41400155","DAL","Al-Farouq Aminu, Amar'e Stoudemire, Charlie Villanueva, J.J. Barea, Monta Ellis",2,14,19,16,23,408,490,2,4,-2,82
"41400155","HOU","Dwight Howard, James Harden, Josh Smith, Pablo Prigioni, Trevor Ariza",2,19,14,19,14,408,408,0,0,0,0
"41400155","DAL","Al-Farouq Aminu, Amar'e Stoudemire, Charlie Villanueva, Devin Harris, Monta Ellis",3,16,23,20,26,490,580,4,3,1,90
"41400155","HOU","Clint Capela, James Harden, Josh Smith, Pablo Prigioni, Trevor Ariza",3,19,14,23,18,408,523,4,4,0,115
"41400155","DAL","Al-Farouq Aminu, Amar'e Stoudemire, Devin Harris, Dirk Nowitzki, Monta Ellis",4,20,26,20,26,580,580,0,0,0,0
"41400155","HOU","Clint Capela, Corey Brewer, James Harden, Josh Smith, Pablo Prigioni",4,23,18,28,20,523,628,5,2,3,105
"41400155","DAL","Amar'e Stoudemire, Devin Harris, Dirk Nowitzki, J.J. Barea, Monta Ellis",5,20,26,22,31,580,720,2,5,-3,140
"41400155","HOU","Corey Brewer, Dwight Howard, James Harden, Josh Smith, Pablo Prigioni",5,28,20,31,22,628,720,3,2,1,92
"41400155","DAL","Al-Farouq Aminu, Amar'e Stoudemire, Devin Harris, Dirk Nowitzki, J.J. Barea",6,22,31,30,40,720,928,8,9,-1,208
"41400155","HOU","Corey Brewer, Dwight Howard, Josh Smith, Pablo Prigioni, Trevor Ariza",6,31,22,40,30,720,928,9,8,1,208
"41400155","DAL","Al-Farouq Aminu, Devin Harris, Dirk Nowitzki, J.J. Barea, Tyson Chandler",7,30,40,30,40,928,957,0,0,0,29
"41400155","HOU","Corey Brewer, Dwight Howard, Pablo Prigioni, Terrence Jones, Trevor Ariza",7,40,30,40,30,928,928,0,0,0,0
"41400155","DAL","Al-Farouq Aminu, Dirk Nowitzki, J.J. Barea, Monta Ellis, Tyson Chandler",8,30,40,30,40,957,957,0,0,0,0
"41400155","HOU","Corey Brewer, Dwight Howard, Jason Terry, Terrence Jones, Trevor Ariza",8,40,30,40,32,928,1032,0,2,-2,104
"41400155","DAL","Al-Farouq Aminu, Charlie Villanueva, J.J. Barea, Monta Ellis, Tyson Chandler",9,30,40,33,42,957,1115,3,2,1,158
"41400155","HOU","Dwight Howard, James Harden, Jason Terry, Terrence Jones, Trevor Ariza",9,40,32,45,37,1032,1198,5,5,0,166
"41400155","DAL","Al-Farouq Aminu, Dirk Nowitzki, J.J. Barea, Monta Ellis, Tyson Chandler",10,33,42,35,45,1115,1171,2,3,-1,56
"41400155","HOU","Dwight Howard, James Harden, Jason Terry, Josh Smith, Trevor Ariza",10,45,37,47,41,1198,1294,2,4,-2,96
"41400155","DAL","Al-Farouq Aminu, Devin Harris, Dirk Nowitzki, Monta Ellis, Tyson Chandler",11,35,45,46,49,1171,1374,11,4,7,203
"41400155","HOU","Clint Capela, James Harden, Jason Terry, Josh Smith, Trevor Ariza",11,47,41,49,46,1294,1374,2,5,-3,80
"41400155","DAL","Al-Farouq Aminu, Devin Harris, Dwight Powell, Monta Ellis, Tyson Chandler",12,46,49,46,50,1374,1374,0,1,-1,0
"41400155","HOU","James Harden, Jason Terry, Josh Smith, Terrence Jones, Trevor Ariza",12,49,46,50,46,1374,1374,1,0,1,0
"41400155","DAL","Al-Farouq Aminu, Devin Harris, Dirk Nowitzki, Monta Ellis, Tyson Chandler",13,46,50,50,56,1374,1440,4,6,-2,66
"41400155","HOU","Clint Capela, James Harden, Jason Terry, Josh Smith, Trevor Ariza",13,50,46,52,50,1374,1405,2,4,-2,31
"41400155","DAL","Al-Farouq Aminu, Dirk Nowitzki, J.J. Barea, Monta Ellis, Tyson Chandler",14,50,56,61,74,1440,1818,11,18,-7,378
"41400155","HOU","James Harden, Jason Terry, Josh Smith, Terrence Jones, Trevor Ariza",14,52,50,53,50,1405,1406,1,0,1,1
"41400155","DAL","Al-Farouq Aminu, Charlie Villanueva, J.J. Barea, Monta Ellis, Tyson Chandler",15,61,74,61,74,1818,1818,0,0,0,0
"41400155","HOU","Clint Capela, James Harden, Jason Terry, Josh Smith, Trevor Ariza",15,53,50,56,50,1406,1440,3,0,3,34
"41400155","DAL","Al-Farouq Aminu, Charlie Villanueva, Devin Harris, Monta Ellis, Tyson Chandler",16,61,74,66,76,1818,1940,5,2,3,122
"41400155","HOU","Dwight Howard, James Harden, Jason Terry, Terrence Jones, Trevor Ariza",16,56,50,76,66,1440,1893,20,16,4,453
"41400155","DAL","Al-Farouq Aminu, Devin Harris, Dirk Nowitzki, Monta Ellis, Tyson Chandler",17,66,76,66,76,1940,1997,0,0,0,57
"41400155","HOU","Dwight Howard, James Harden, Jason Terry, Josh Smith, Trevor Ariza",17,76,66,77,66,1893,1997,1,0,1,104
"41400155","DAL","Al-Farouq Aminu, Amar'e Stoudemire, Devin Harris, Dirk Nowitzki, Monta Ellis",18,66,76,72,80,1997,2095,6,4,2,98
"41400155","HOU","Dwight Howard, James Harden, Jason Terry, Josh Smith, Pablo Prigioni",18,77,66,77,66,1997,1997,0,0,0,0
"41400155","DAL","Amar'e Stoudemire, Devin Harris, Dirk Nowitzki, J.J. Barea, Monta Ellis",19,72,80,75,82,2095,2159,3,2,1,64
"41400155","HOU","Corey Brewer, Dwight Howard, James Harden, Josh Smith, Pablo Prigioni",19,77,66,80,72,1997,2095,3,6,-3,98
"41400155","DAL","Amar'e Stoudemire, Charlie Villanueva, Devin Harris, J.J. Barea, Monta Ellis",20,75,82,75,82,2159,2159,0,0,0,0
"41400155","HOU","Corey Brewer, James Harden, Josh Smith, Pablo Prigioni, Trevor Ariza",20,80,72,80,72,2095,2095,0,0,0,0
"41400155","DAL","Charlie Villanueva, Devin Harris, J.J. Barea, Monta Ellis, Tyson Chandler",21,75,82,75,82,2159,2160,0,0,0,1
"41400155","HOU","Corey Brewer, Josh Smith, Pablo Prigioni, Terrence Jones, Trevor Ariza",21,80,72,82,75,2095,2160,2,3,-1,65
"41400155","DAL","Devin Harris, Dirk Nowitzki, J.J. Barea, Monta Ellis, Tyson Chandler",22,75,82,83,88,2160,2517,8,6,2,357
"41400155","HOU","Corey Brewer, Dwight Howard, Josh Smith, Pablo Prigioni, Trevor Ariza",22,82,75,86,79,2160,2338,4,4,0,178
"41400155","DAL","Al-Farouq Aminu, Dirk Nowitzki, J.J. Barea, Monta Ellis, Tyson Chandler",23,83,88,85,91,2517,2573,2,3,-1,56
"41400155","HOU","Corey Brewer, Dwight Howard, Pablo Prigioni, Terrence Jones, Trevor Ariza",23,86,79,88,83,2338,2517,2,4,-2,179
"41400155","DAL","Al-Farouq Aminu, Devin Harris, Dirk Nowitzki, J.J. Barea, Tyson Chandler",24,85,91,85,94,2573,2614,0,3,-3,41
"41400155","HOU","Corey Brewer, Dwight Howard, Josh Smith, Pablo Prigioni, Terrence Jones",24,88,83,88,83,2517,2517,0,0,0,0
"41400155","DAL","Al-Farouq Aminu, Dirk Nowitzki, J.J. Barea, Monta Ellis, Tyson Chandler",25,85,94,89,97,2614,2749,4,3,1,135
"41400155","HOU","Corey Brewer, James Harden, Josh Smith, Pablo Prigioni, Terrence Jones",25,88,83,94,85,2517,2614,6,2,4,97
"41400155","DAL","Devin Harris, Dirk Nowitzki, J.J. Barea, Monta Ellis, Tyson Chandler",26,89,97,91,99,2749,2811,2,2,0,62
"41400155","HOU","Corey Brewer, Dwight Howard, James Harden, Pablo Prigioni, Terrence Jones",26,94,85,99,91,2614,2811,5,6,-1,197
"41400155","DAL","Charlie Villanueva, Devin Harris, Dirk Nowitzki, J.J. Barea, Tyson Chandler",27,91,99,91,101,2811,2838,0,2,-2,27
"41400155","HOU","Corey Brewer, Dwight Howard, James Harden, Terrence Jones, Trevor Ariza",27,99,91,103,91,2811,2839,4,0,4,28
"41400155","DAL","Charlie Villanueva, Devin Harris, Dirk Nowitzki, Greg Smith, J.J. Barea",28,91,101,91,101,2838,2838,0,0,0,0
"41400155","HOU","Clint Capela, Corey Brewer, Dwight Howard, James Harden, Terrence Jones",28,103,91,103,91,2839,2839,0,0,0,0
"41400155","DAL","Charlie Villanueva, Devin Harris, Dwight Powell, Greg Smith, J.J. Barea",29,91,101,94,103,2838,2880,3,2,1,42
"41400155","HOU","Clint Capela, Corey Brewer, James Harden, Kostas Papanikolaou, Terrence Jones",29,103,91,103,91,2839,2839,0,0,0,0
"41400155","HOU","Clint Capela, James Harden, Kostas Papanikolaou, Nick Johnson, Terrence Jones",30,103,91,103,91,2839,2839,0,0,0,0
"41400155","HOU","Clint Capela, Joey Dorsey, Kostas Papanikolaou, Nick Johnson, Terrence Jones",31,103,91,103,94,2839,2880,0,3,-3,41
"41400161","LAC","Blake Griffin, Chris Paul, DeAndre Jordan, JJ Redick, Matt Barnes",0,0,0,20,14,0,453,20,14,6,453
"41400161","SAS","Danny Green, Kawhi Leonard, Tiago Splitter, Tim Duncan, Tony Parker",0,0,0,8,18,0,317,8,18,-10,317
"41400161","LAC","Blake Griffin, Chris Paul, DeAndre Jordan, Jamal Crawford, JJ Redick",1,20,14,20,15,453,479,0,1,-1,26
"41400161","SAS","Kawhi Leonard, Manu Ginobili, Tiago Splitter, Tim Duncan, Tony Parker",1,8,18,8,18,317,317,0,0,0,0
"41400161","LAC","Blake Griffin, Chris Paul, Glen Davis, Jamal Crawford, JJ Redick",2,20,15,20,15,479,511,0,0,0,32
"41400161","SAS","Aron Baynes, Kawhi Leonard, Manu Ginobili, Tim Duncan, Tony Parker",2,8,18,11,20,317,425,3,2,1,108
"41400161","LAC","Austin Rivers, Blake Griffin, Chris Paul, Glen Davis, Jamal Crawford",3,20,15,24,16,511,641,4,1,3,130
"41400161","SAS","Aron Baynes, Boris Diaw, Kawhi Leonard, Manu Ginobili, Tony Parker",3,11,20,11,20,425,425,0,0,0,0
"41400161","LAC","Austin Rivers, Blake Griffin, Glen Davis, Hedo Turkoglu, Jamal Crawford",4,24,16,27,17,641,671,3,1,2,30
"41400161","SAS","Aron Baynes, Boris Diaw, Danny Green, Manu Ginobili, Tony Parker",4,11,20,15,20,425,479,4,0,4,54
"41400161","LAC","Austin Rivers, Glen Davis, Hedo Turkoglu, Jamal Crawford, Spencer Hawes",5,27,17,28,18,671,708,1,1,0,37
"41400161","SAS","Aron Baynes, Boris Diaw, Cory Joseph, Danny Green, Manu Ginobili",5,15,20,17,27,479,671,2,7,-5,192
"41400161","LAC","Austin Rivers, Hedo Turkoglu, Jamal Crawford, JJ Redick, Spencer Hawes",6,28,18,30,18,708,720,2,0,2,12
"41400161","SAS","Boris Diaw, Cory Joseph, Danny Green, Manu Ginobili, Matt Bonner",6,17,27,17,28,671,689,0,1,-1,18
"41400161","LAC","Austin Rivers, Glen Davis, Hedo Turkoglu, Jamal Crawford, Spencer Hawes",7,30,18,30,25,720,823,0,7,-7,103
"41400161","SAS","Boris Diaw, Cory Joseph, Manu Ginobili, Marco Belinelli, Matt Bonner",7,17,28,18,28,689,708,1,0,1,19
"41400161","LAC","Austin Rivers, DeAndre Jordan, Glen Davis, Hedo Turkoglu, Jamal Crawford",8,30,25,30,25,823,823,0,0,0,0
"41400161","SAS","Aron Baynes, Boris Diaw, Cory Joseph, Manu Ginobili, Marco Belinelli",8,18,28,18,28,708,708,0,0,0,0
"41400161","LAC","Austin Rivers, Blake Griffin, DeAndre Jordan, Hedo Turkoglu, Jamal Crawford",9,30,25,30,28,823,831,0,3,-3,8
"41400161","SAS","Aron Baynes, Boris Diaw, Cory Joseph, Manu Ginobili, Patty Mills",9,18,28,18,30,708,720,0,2,-2,12
"41400161","LAC","Austin Rivers, Blake Griffin, DeAndre Jordan, Jamal Crawford, JJ Redick",10,30,28,30,28,831,831,0,0,0,0
"41400161","SAS","Boris Diaw, Manu Ginobili, Marco Belinelli, Patty Mills, Tim Duncan",10,18,30,28,30,720,831,10,0,10,111
"41400161","LAC","Blake Griffin, Chris Paul, DeAndre Jordan, Jamal Crawford, JJ Redick",11,30,28,31,28,831,883,1,0,1,52
"41400161","SAS","Boris Diaw, Manu Ginobili, Marco Belinelli, Tim Duncan, Tony Parker",11,28,30,28,31,831,883,0,1,-1,52
"41400161","LAC","Blake Griffin, Chris Paul, DeAndre Jordan, JJ Redick, Matt Barnes",12,31,28,39,37,883,1178,8,9,-1,295
"41400161","SAS","Boris Diaw, Kawhi Leonard, Marco Belinelli, Tim Duncan, Tony Parker",12,28,31,33,35,883,1001,5,4,1,118
"41400161","LAC","Blake Griffin, Chris Paul, DeAndre Jordan, Jamal Crawford, JJ Redick",13,39,37,39,37,1178,1192,0,0,0,14
"41400161","SAS","Aron Baynes, Kawhi Leonard, Marco Belinelli, Tim Duncan, Tony Parker",13,33,35,37,39,1001,1178,4,4,0,177
"41400161","LAC","Austin Rivers, Blake Griffin, DeAndre Jordan, Jamal Crawford, JJ Redick",14,39,37,49,43,1192,1420,10,6,4,228
"41400161","SAS","Boris Diaw, Kawhi Leonard, Marco Belinelli, Tim Duncan, Tony Parker",14,37,39,37,39,1178,1200,0,0,0,22
"41400161","LAC","Austin Rivers, Blake Griffin, Glen Davis, Jamal Crawford, JJ Redick",15,49,43,49,43,1420,1420,0,0,0,0
"41400161","SAS","Aron Baynes, Boris Diaw, Kawhi Leonard, Marco Belinelli, Tony Parker",15,37,39,37,43,1200,1290,0,4,-4,90
"41400161","LAC","Austin Rivers, Blake Griffin, Dahntay Jones, Glen Davis, JJ Redick",16,49,43,49,43,1420,1440,0,0,0,20
"41400161","SAS","Aron Baynes, Boris Diaw, Kawhi Leonard, Manu Ginobili, Tony Parker",16,37,43,39,45,1290,1346,2,2,0,56
"41400161","LAC","Blake Griffin, Chris Paul, DeAndre Jordan, JJ Redick, Matt Barnes",17,49,43,62,54,1440,1906,13,11,2,466
"41400161","SAS","Aron Baynes, Boris Diaw, Kawhi Leonard, Manu Ginobili, Patty Mills",17,39,45,43,49,1346,1420,4,4,0,74
"41400161","LAC","Blake Griffin, Chris Paul, DeAndre Jordan, Jamal Crawford, Matt Barnes",18,62,54,66,54,1906,1947,4,0,4,41
"41400161","SAS","Boris Diaw, Kawhi Leonard, Manu Ginobili, Matt Bonner, Patty Mills",18,43,49,43,49,1420,1440,0,0,0,20
"41400161","LAC","Blake Griffin, Chris Paul, Glen Davis, Jamal Crawford, Matt Barnes",19,66,54,79,61,1947,2121,13,7,6,174
"41400161","SAS","Danny Green, Kawhi Leonard, Tiago Splitter, Tim Duncan, Tony Parker",19,43,49,49,55,1440,1720,6,6,0,280
"41400161","LAC","Austin Rivers, Blake Griffin, Glen Davis, Jamal Crawford, Matt Barnes",20,79,61,79,61,2121,2127,0,0,0,6
"41400161","SAS","Aron Baynes, Danny Green, Kawhi Leonard, Tim Duncan, Tony Parker",20,49,55,54,59,1720,1824,5,4,1,104
"41400161","LAC","Austin Rivers, Blake Griffin, Chris Paul, Jamal Crawford, Matt Barnes",21,79,61,79,61,2127,2127,0,0,0,0
"41400161","SAS","Aron Baynes, Cory Joseph, Danny Green, Kawhi Leonard, Tim Duncan",21,54,59,54,59,1824,1824,0,0,0,0
"41400161","LAC","Austin Rivers, Blake Griffin, Glen Davis, Jamal Crawford, Matt Barnes",22,79,61,79,61,2127,2132,0,0,0,5
"41400161","SAS","Aron Baynes, Boris Diaw, Cory Joseph, Danny Green, Kawhi Leonard",22,54,59,54,59,1824,1836,0,0,0,12
"41400161","LAC","Austin Rivers, Blake Griffin, Chris Paul, Jamal Crawford, Matt Barnes",23,79,61,79,64,2132,2160,0,3,-3,28
"41400161","SAS","Aron Baynes, Boris Diaw, Cory Joseph, Kawhi Leonard, Manu Ginobili",23,54,59,61,79,1836,2121,7,20,-13,285
"41400161","LAC","Austin Rivers, DeAndre Jordan, Glen Davis, Jamal Crawford, Matt Barnes",24,79,64,86,74,2160,2324,7,10,-3,164
"41400161","SAS","Aron Baynes, Boris Diaw, Kawhi Leonard, Manu Ginobili, Patty Mills",24,61,79,64,79,2121,2160,3,0,3,39
"41400161","LAC","Chris Paul, DeAndre Jordan, Glen Davis, Jamal Crawford, Matt Barnes",25,86,74,86,74,2324,2324,0,0,0,0
"41400161","SAS","Boris Diaw, Kawhi Leonard, Manu Ginobili, Patty Mills, Tim Duncan",25,64,79,69,86,2160,2274,5,7,-2,114
"41400161","LAC","Blake Griffin, Chris Paul, DeAndre Jordan, Jamal Crawford, Matt Barnes",26,86,74,88,75,2324,2344,2,1,1,20
"41400161","SAS","Boris Diaw, Danny Green, Kawhi Leonard, Patty Mills, Tim Duncan",26,69,86,75,88,2274,2344,6,2,4,70
"41400161","LAC","Blake Griffin, Chris Paul, DeAndre Jordan, Jamal Crawford, JJ Redick",27,88,75,100,85,2344,2588,12,10,2,244
"41400161","SAS","Boris Diaw, Danny Green, Marco Belinelli, Patty Mills, Tim Duncan",27,75,88,75,88,2344,2344,0,0,0,0
"41400161","LAC","Blake Griffin, Chris Paul, DeAndre Jordan, JJ Redick, Matt Barnes",28,100,85,107,92,2588,2880,7,7,0,292
"41400161","SAS","Boris Diaw, Danny Green, Marco Belinelli, Tim Duncan, Tony Parker",28,75,88,85,100,2344,2588,10,12,-2,244
"41400161","SAS","Boris Diaw, Kawhi Leonard, Marco Belinelli, Tim Duncan, Tony Parker",29,85,100,87,104,2588,2684,2,4,-2,96
"41400161","SAS","Boris Diaw, Jeff Ayres, Kawhi Leonard, Marco Belinelli, Tony Parker",30,87,104,87,104,2684,2684,0,0,0,0
"41400161","SAS","Boris Diaw, Cory Joseph, Jeff Ayres, Marco Belinelli, Tony Parker",31,87,104,87,104,2684,2684,0,0,0,0
"41400161","SAS","Boris Diaw, Cory Joseph, Jeff Ayres, Marco Belinelli, Matt Bonner",32,87,104,87,104,2684,2684,0,0,0,0
"41400161","SAS","Cory Joseph, Jeff Ayres, Marco Belinelli, Matt Bonner, Patty Mills",33,87,104,92,107,2684,2880,5,3,2,196
"41400162","LAC","Blake Griffin, Chris Paul, DeAndre Jordan, JJ Redick, Matt Barnes",0,0,0,20,23,0,585,20,23,-3,585
"41400162","SAS","Danny Green, Kawhi Leonard, Tiago Splitter, Tim Duncan, Tony Parker",0,0,0,11,8,0,291,11,8,3,291
"41400162","LAC","Blake Griffin, Chris Paul, DeAndre Jordan, Jamal Crawford, Matt Barnes",1,20,23,20,23,585,585,0,0,0,0
"41400162","SAS","Boris Diaw, Danny Green, Kawhi Leonard, Tim Duncan, Tony Parker",1,11,8,23,20,291,585,12,12,0,294
"41400162","LAC","Chris Paul, DeAndre Jordan, Glen Davis, Jamal Crawford, Matt Barnes",2,20,23,22,27,585,645,2,4,-2,60
"41400162","SAS","Boris Diaw, Kawhi Leonard, Manu Ginobili, Tim Duncan, Tony Parker",2,23,20,23,20,585,585,0,0,0,0
"41400162","LAC","Austin Rivers, Chris Paul, DeAndre Jordan, Glen Davis, Jamal Crawford",3,22,27,24,28,645,717,2,1,1,72
"41400162","SAS","Boris Diaw, Kawhi Leonard, Manu Ginobili, Patty Mills, Tim Duncan",3,23,20,27,22,585,645,4,2,2,60
"41400162","LAC","Austin Rivers, Chris Paul, DeAndre Jordan, Jamal Crawford, JJ Redick",4,24,28,24,28,717,720,0,0,0,3
"41400162","SAS","Boris Diaw, Manu Ginobili, Marco Belinelli, Patty Mills, Tim Duncan",4,27,22,27,22,645,645,0,0,0,0
"41400162","LAC","Austin Rivers, Blake Griffin, Glen Davis, Jamal Crawford, JJ Redick",5,24,28,36,33,720,994,12,5,7,274
"41400162","SAS","Boris Diaw, Manu Ginobili, Marco Belinelli, Patty Mills, Tiago Splitter",5,27,22,28,24,645,717,1,2,-1,72
"41400162","LAC","Austin Rivers, Blake Griffin, DeAndre Jordan, Jamal Crawford, JJ Redick",6,36,33,39,37,994,1072,3,4,-1,78
"41400162","SAS","Boris Diaw, Kawhi Leonard, Manu Ginobili, Marco Belinelli, Patty Mills",6,28,24,28,24,717,720,0,0,0,3
"41400162","LAC","Blake Griffin, Chris Paul, DeAndre Jordan, Jamal Crawford, JJ Redick",7,39,37,39,42,1072,1121,0,5,-5,49
"41400162","SAS","Boris Diaw, Manu Ginobili, Marco Belinelli, Patty Mills, Tiago Splitter",7,28,24,31,28,720,832,3,4,-1,112
"41400162","LAC","Blake Griffin, Chris Paul, DeAndre Jordan, JJ Redick, Matt Barnes",8,39,42,47,52,1121,1396,8,10,-2,275
"41400162","SAS","Boris Diaw, Cory Joseph, Manu Ginobili, Marco Belinelli, Tiago Splitter",8,31,28,32,30,832,873,1,2,-1,41
"41400162","LAC","Blake Griffin, Chris Paul, Glen Davis, JJ Redick, Matt Barnes",9,47,52,47,52,1396,1396,0,0,0,0
"41400162","SAS","Boris Diaw, Danny Green, Manu Ginobili, Marco Belinelli, Tiago Splitter",9,32,30,33,36,873,994,1,6,-5,121
"41400162","LAC","Blake Griffin, Chris Paul, Glen Davis, Jamal Crawford, JJ Redick",10,47,52,47,52,1396,1440,0,0,0,44
"41400162","SAS","Danny Green, Manu Ginobili, Marco Belinelli, Tiago Splitter, Tim Duncan",10,33,36,35,36,994,1016,2,0,2,22
"41400162","LAC","Blake Griffin, Chris Paul, DeAndre Jordan, JJ Redick, Matt Barnes",11,47,52,58,61,1440,1858,11,9,2,418
"41400162","SAS","Danny Green, Manu Ginobili, Marco Belinelli, Matt Bonner, Tim Duncan",11,35,36,37,39,1016,1072,2,3,-1,56
"41400162","LAC","Blake Griffin, Chris Paul, DeAndre Jordan, Jamal Crawford, Matt Barnes",12,58,61,68,69,1858,2038,10,8,2,180
"41400162","SAS","Danny Green, Kawhi Leonard, Marco Belinelli, Matt Bonner, Tim Duncan",12,37,39,37,39,1072,1072,0,0,0,0
"41400162","LAC","Austin Rivers, Blake Griffin, Chris Paul, DeAndre Jordan, Jamal Crawford",13,68,69,68,71,2038,2052,0,2,-2,14
"41400162","SAS","Kawhi Leonard, Marco Belinelli, Matt Bonner, Tim Duncan, Tony Parker",13,37,39,48,43,1072,1280,11,4,7,208
"41400162","LAC","Austin Rivers, Blake Griffin, Chris Paul, Glen Davis, Jamal Crawford",14,68,71,70,71,2052,2063,2,0,2,11
"41400162","SAS","Kawhi Leonard, Manu Ginobili, Matt Bonner, Tim Duncan, Tony Parker",14,48,43,48,43,1280,1280,0,0,0,0
"41400162","LAC","Austin Rivers, Blake Griffin, Glen Davis, Jamal Crawford, JJ Redick",15,70,71,72,71,2063,2114,2,0,2,51
"41400162","SAS","Boris Diaw, Kawhi Leonard, Manu Ginobili, Tim Duncan, Tony Parker",15,48,43,52,47,1280,1440,4,4,0,160
"41400162","LAC","Austin Rivers, Glen Davis, Hedo Turkoglu, Jamal Crawford, JJ Redick",16,72,71,76,80,2114,2249,4,9,-5,135
"41400162","SAS","Danny Green, Kawhi Leonard, Tiago Splitter, Tim Duncan, Tony Parker",16,52,47,57,49,1440,1562,5,2,3,122
"41400162","LAC","Austin Rivers, DeAndre Jordan, Hedo Turkoglu, Jamal Crawford, JJ Redick",17,76,80,78,82,2249,2293,2,2,0,44
"41400162","SAS","Kawhi Leonard, Marco Belinelli, Tiago Splitter, Tim Duncan, Tony Parker",17,57,49,59,56,1562,1748,2,7,-5,186
"41400162","LAC","Chris Paul, DeAndre Jordan, Hedo Turkoglu, Jamal Crawford, JJ Redick",18,78,82,78,86,2293,2355,0,4,-4,62
"41400162","SAS","Boris Diaw, Kawhi Leonard, Marco Belinelli, Tim Duncan, Tony Parker",18,59,56,59,58,1748,1836,0,2,-2,88
"41400162","LAC","Blake Griffin, Chris Paul, DeAndre Jordan, Jamal Crawford, JJ Redick",19,78,86,78,88,2355,2488,0,2,-2,133
"41400162","SAS","Boris Diaw, Kawhi Leonard, Manu Ginobili, Tim Duncan, Tony Parker",19,59,58,69,68,1836,1999,10,10,0,163
"41400162","LAC","Blake Griffin, Chris Paul, DeAndre Jordan, JJ Redick, Matt Barnes",20,78,88,94,94,2488,2872,16,6,10,384
"41400162","SAS","Kawhi Leonard, Manu Ginobili, Matt Bonner, Tim Duncan, Tony Parker",20,69,68,69,68,1999,1999,0,0,0,0
"41400162","LAC","Blake Griffin, Chris Paul, Jamal Crawford, JJ Redick, Matt Barnes",21,94,94,94,94,2872,2880,0,0,0,8
"41400162","SAS","Kawhi Leonard, Manu Ginobili, Matt Bonner, Patty Mills, Tim Duncan",21,69,68,69,68,1999,2038,0,0,0,39
"41400162","LAC","Blake Griffin, Chris Paul, DeAndre Jordan, JJ Redick, Matt Barnes",22,94,94,101,107,2880,3124,7,13,-6,244
"41400162","SAS","Danny Green, Manu Ginobili, Matt Bonner, Patty Mills, Tim Duncan",22,69,68,71,68,2038,2052,2,0,2,14
"41400162","LAC","Blake Griffin, Chris Paul, DeAndre Jordan, Jamal Crawford, JJ Redick",23,101,107,107,109,3124,3175,6,2,4,51
"41400162","SAS","Boris Diaw, Danny Green, Manu Ginobili, Patty Mills, Tim Duncan",23,71,68,71,70,2052,2063,0,2,-2,11
"41400162","LAC","Blake Griffin, Dahntay Jones, DeAndre Jordan, Jamal Crawford, JJ Redick",24,107,109,107,111,3175,3176,0,2,-2,1
"41400162","SAS","Boris Diaw, Danny Green, Manu Ginobili, Patty Mills, Tiago Splitter",24,71,70,80,76,2063,2249,9,6,3,186
"41400162","LAC","Blake Griffin, Chris Paul, DeAndre Jordan, Jamal Crawford, JJ Redick",25,107,111,107,111,3176,3176,0,0,0,0
"41400162","SAS","Boris Diaw, Danny Green, Manu Ginobili, Patty Mills, Tim Duncan",25,80,76,82,78,2249,2293,2,2,0,44
"41400162","LAC","Blake Griffin, Chris Paul, Jamal Crawford, JJ Redick, Matt Barnes",26,107,111,107,111,3176,3180,0,0,0,4
"41400162","SAS","Boris Diaw, Danny Green, Manu Ginobili, Tim Duncan, Tony Parker",26,82,78,86,78,2293,2453,4,0,4,160
"41400162","SAS","Boris Diaw, Danny Green, Kawhi Leonard, Tim Duncan, Tony Parker",27,86,78,88,83,2453,2570,2,5,-3,117
"41400162","SAS","Boris Diaw, Danny Green, Kawhi Leonard, Patty Mills, Tim Duncan",28,88,83,88,83,2570,2589,0,0,0,19
"41400162","SAS","Boris Diaw, Kawhi Leonard, Manu Ginobili, Patty Mills, Tim Duncan",29,88,83,88,87,2589,2648,0,4,-4,59
"41400162","SAS","Boris Diaw, Kawhi Leonard, Marco Belinelli, Patty Mills, Tim Duncan",30,88,87,94,94,2648,2872,6,7,-1,224
"41400162","SAS","Cory Joseph, Kawhi Leonard, Marco Belinelli, Patty Mills, Tim Duncan",31,94,94,94,94,2872,2872,0,0,0,0
"41400162","SAS","Cory Joseph, Danny Green, Kawhi Leonard, Patty Mills, Tim Duncan",32,94,94,94,94,2872,2880,0,0,0,8
"41400162","SAS","Boris Diaw, Danny Green, Kawhi Leonard, Patty Mills, Tim Duncan",33,94,94,109,104,2880,3169,15,10,5,289
"41400162","SAS","Boris Diaw, Cory Joseph, Danny Green, Kawhi Leonard, Tim Duncan",34,109,104,109,107,3169,3175,0,3,-3,6
"41400162","SAS","Boris Diaw, Danny Green, Kawhi Leonard, Patty Mills, Tim Duncan",35,109,107,111,107,3175,3176,2,0,2,1
"41400162","SAS","Boris Diaw, Cory Joseph, Danny Green, Kawhi Leonard, Patty Mills",36,111,107,111,107,3176,3180,0,0,0,4
"41400163","LAC","Blake Griffin, Chris Paul, DeAndre Jordan, JJ Redick, Matt Barnes",0,0,0,13,25,0,595,13,25,-12,595
"41400163","SAS","Danny Green, Kawhi Leonard, Tiago Splitter, Tim Duncan, Tony Parker",0,0,0,13,8,0,363,13,8,5,363
"41400163","LAC","Blake Griffin, Chris Paul, DeAndre Jordan, Hedo Turkoglu, JJ Redick",1,13,25,13,25,595,595,0,0,0,0
"41400163","SAS","Boris Diaw, Danny Green, Kawhi Leonard, Tim Duncan, Tony Parker",1,13,8,25,13,363,595,12,5,7,232
"41400163","LAC","Austin Rivers, Chris Paul, DeAndre Jordan, Hedo Turkoglu, JJ Redick",2,13,25,13,25,595,595,0,0,0,0
"41400163","SAS","Boris Diaw, Danny Green, Kawhi Leonard, Patty Mills, Tim Duncan",2,25,13,25,13,595,595,0,0,0,0
"41400163","LAC","Austin Rivers, Chris Paul, DeAndre Jordan, Hedo Turkoglu, Jamal Crawford",3,13,25,16,25,595,711,3,0,3,116
"41400163","SAS","Boris Diaw, Kawhi Leonard, Manu Ginobili, Patty Mills, Tim Duncan",3,25,13,25,16,595,711,0,3,-3,116
"41400163","LAC","Austin Rivers, Dahntay Jones, DeAndre Jordan, Hedo Turkoglu, Jamal Crawford",4,16,25,16,25,711,720,0,0,0,9
"41400163","SAS","Boris Diaw, Kawhi Leonard, Manu Ginobili, Patty Mills, Tiago Splitter",4,25,16,25,16,711,711,0,0,0,0
"41400163","LAC","Austin Rivers, Glen Davis, Hedo Turkoglu, Jamal Crawford, JJ Redick",5,16,25,19,31,720,807,3,6,-3,87
"41400163","SAS","Boris Diaw, Manu Ginobili, Marco Belinelli, Patty Mills, Tiago Splitter",5,25,16,25,16,711,720,0,0,0,9
"41400163","LAC","Austin Rivers, Blake Griffin, Glen Davis, Jamal Crawford, JJ Redick",6,19,31,24,31,807,971,5,0,5,164
"41400163","SAS","Manu Ginobili, Marco Belinelli, Matt Bonner, Patty Mills, Tiago Splitter",6,25,16,31,24,720,971,6,8,-2,251
"41400163","LAC","Austin Rivers, Blake Griffin, DeAndre Jordan, Jamal Crawford, JJ Redick",7,24,31,24,31,971,971,0,0,0,0
"41400163","SAS","Manu Ginobili, Marco Belinelli, Matt Bonner, Tiago Splitter, Tony Parker",7,31,24,31,24,971,971,0,0,0,0
"41400163","LAC","Blake Griffin, Chris Paul, DeAndre Jordan, Jamal Crawford, JJ Redick",8,24,31,29,35,971,1095,5,4,1,124
"41400163","SAS","Boris Diaw, Manu Ginobili, Marco Belinelli, Tiago Splitter, Tony Parker",8,31,24,31,24,971,971,0,0,0,0
"41400163","LAC","Blake Griffin, Chris Paul, DeAndre Jordan, JJ Redick, Matt Barnes",9,29,35,33,46,1095,1348,4,11,-7,253
"41400163","SAS","Boris Diaw, Manu Ginobili, Marco Belinelli, Tim Duncan, Tony Parker",9,31,24,35,24,971,1045,4,0,4,74
"41400163","LAC","Blake Griffin, Chris Paul, DeAndre Jordan, Jamal Crawford, JJ Redick",10,33,46,33,46,1348,1348,0,0,0,0
"41400163","SAS","Boris Diaw, Kawhi Leonard, Marco Belinelli, Tim Duncan, Tony Parker",10,35,24,35,29,1045,1095,0,5,-5,50
"41400163","LAC","Blake Griffin, Chris Paul, Glen Davis, Jamal Crawford, JJ Redick",11,33,46,38,46,1348,1440,5,0,5,92
"41400163","SAS","Boris Diaw, Danny Green, Kawhi Leonard, Tim Duncan, Tony Parker",11,35,29,46,38,1095,1440,11,9,2,345
"41400163","LAC","Blake Griffin, Chris Paul, DeAndre Jordan, JJ Redick, Matt Barnes",12,38,46,43,59,1440,1800,5,13,-8,360
"41400163","SAS","Danny Green, Kawhi Leonard, Tiago Splitter, Tim Duncan, Tony Parker",12,46,38,59,43,1440,1760,13,5,8,320
"41400163","LAC","Blake Griffin, Chris Paul, DeAndre Jordan, Jamal Crawford, JJ Redick",13,43,59,45,63,1800,1918,2,4,-2,118
"41400163","SAS","Kawhi Leonard, Manu Ginobili, Tiago Splitter, Tim Duncan, Tony Parker",13,59,43,59,45,1760,1851,0,2,-2,91
"41400163","LAC","Austin Rivers, Blake Griffin, Chris Paul, DeAndre Jordan, Jamal Crawford",14,45,63,45,63,1918,1918,0,0,0,0
"41400163","SAS","Boris Diaw, Kawhi Leonard, Manu Ginobili, Tim Duncan, Tony Parker",14,59,45,63,45,1851,1918,4,0,4,67
"41400163","LAC","Austin Rivers, Blake Griffin, Chris Paul, Glen Davis, Jamal Crawford",15,45,63,47,66,1918,2011,2,3,-1,93
"41400163","SAS","Boris Diaw, Kawhi Leonard, Manu Ginobili, Patty Mills, Tim Duncan",15,63,45,64,45,1918,1932,1,0,1,14
"41400163","LAC","Austin Rivers, Blake Griffin, Glen Davis, Hedo Turkoglu, Jamal Crawford",16,47,66,49,70,2011,2160,2,4,-2,149
"41400163","SAS","Boris Diaw, Danny Green, Manu Ginobili, Patty Mills, Tim Duncan",16,64,45,68,47,1932,2099,4,2,2,167
"41400163","LAC","Austin Rivers, Chris Paul, DeAndre Jordan, Hedo Turkoglu, Jamal Crawford",17,49,70,51,78,2160,2327,2,8,-6,167
"41400163","SAS","Boris Diaw, Danny Green, Manu Ginobili, Matt Bonner, Patty Mills",17,68,47,78,51,2099,2327,10,4,6,228
"41400163","LAC","Austin Rivers, Chris Paul, DeAndre Jordan, Jamal Crawford, JJ Redick",18,51,78,55,82,2327,2405,4,4,0,78
"41400163","SAS","Boris Diaw, Danny Green, Manu Ginobili, Marco Belinelli, Patty Mills",18,78,51,78,51,2327,2329,0,0,0,2
"41400163","LAC","Austin Rivers, DeAndre Jordan, Jamal Crawford, JJ Redick, Lester Hudson",19,55,82,55,82,2405,2405,0,0,0,0
"41400163","SAS","Boris Diaw, Danny Green, Kawhi Leonard, Marco Belinelli, Patty Mills",19,78,51,82,55,2329,2405,4,4,0,76
"41400163","LAC","Austin Rivers, Jamal Crawford, JJ Redick, Lester Hudson, Spencer Hawes",20,55,82,55,85,2405,2421,0,3,-3,16
"41400163","SAS","Danny Green, Jeff Ayres, Kawhi Leonard, Marco Belinelli, Patty Mills",20,82,55,85,55,2405,2421,3,0,3,16
"41400163","LAC","Austin Rivers, Glen Davis, Jamal Crawford, Lester Hudson, Spencer Hawes",21,55,85,57,92,2421,2591,2,7,-5,170
"41400163","SAS","Cory Joseph, Danny Green, Jeff Ayres, Kawhi Leonard, Marco Belinelli",21,85,55,85,55,2421,2421,0,0,0,0
"41400163","LAC","Austin Rivers, Ekpe Udoh, Glen Davis, Lester Hudson, Spencer Hawes",22,57,92,57,92,2591,2591,0,0,0,0
"41400163","SAS","Cory Joseph, Jeff Ayres, Kawhi Leonard, Marco Belinelli, Matt Bonner",22,85,55,85,55,2421,2441,0,0,0,20
"41400163","LAC","Austin Rivers, Dahntay Jones, Ekpe Udoh, Lester Hudson, Spencer Hawes",23,57,92,73,100,2591,2880,16,8,8,289
"41400163","SAS","Aron Baynes, Cory Joseph, Jeff Ayres, Marco Belinelli, Matt Bonner",23,85,55,100,73,2441,2880,15,18,-3,439
"41400164","LAC","Blake Griffin, Chris Paul, DeAndre Jordan, JJ Redick, Matt Barnes",0,0,0,13,14,0,424,13,14,-1,424
"41400164","SAS","Danny Green, Kawhi Leonard, Tiago Splitter, Tim Duncan, Tony Parker",0,0,0,10,11,0,358,10,11,-1,358
"41400164","LAC","Blake Griffin, Chris Paul, DeAndre Jordan, Jamal Crawford, Matt Barnes",1,13,14,21,18,424,549,8,4,4,125
"41400164","SAS","Boris Diaw, Danny Green, Kawhi Leonard, Tim Duncan, Tony Parker",1,10,11,14,13,358,424,4,2,2,66
"41400164","LAC","Chris Paul, DeAndre Jordan, Glen Davis, Jamal Crawford, Matt Barnes",2,21,18,25,23,549,648,4,5,-1,99
"41400164","SAS","Boris Diaw, Kawhi Leonard, Manu Ginobili, Tim Duncan, Tony Parker",2,14,13,18,21,424,549,4,8,-4,125
"41400164","LAC","Austin Rivers, DeAndre Jordan, Glen Davis, Jamal Crawford, Matt Barnes",3,25,23,25,23,648,648,0,0,0,0
"41400164","SAS","Boris Diaw, Kawhi Leonard, Manu Ginobili, Patty Mills, Tim Duncan",3,18,21,18,21,549,549,0,0,0,0
"41400164","LAC","Austin Rivers, DeAndre Jordan, Glen Davis, Jamal Crawford, JJ Redick",4,25,23,25,25,648,696,0,2,-2,48
"41400164","SAS","Boris Diaw, Kawhi Leonard, Manu Ginobili, Patty Mills, Tiago Splitter",4,18,21,23,25,549,648,5,4,1,99
"41400164","LAC","Austin Rivers, Glen Davis, Hedo Turkoglu, Jamal Crawford, JJ Redick",5,25,25,25,28,696,779,0,3,-3,83
"41400164","SAS","Boris Diaw, Danny Green, Manu Ginobili, Patty Mills, Tiago Splitter",5,23,25,25,25,648,696,2,0,2,48
"41400164","LAC","Austin Rivers, Blake Griffin, Glen Davis, Jamal Crawford, JJ Redick",6,25,28,37,36,779,1010,12,8,4,231
"41400164","SAS","Danny Green, Manu Ginobili, Matt Bonner, Patty Mills, Tiago Splitter",6,25,25,25,25,696,720,0,0,0,24
"41400164","LAC","Austin Rivers, Blake Griffin, Glen Davis, JJ Redick, Matt Barnes",7,37,36,37,36,1010,1010,0,0,0,0
"41400164","SAS","Danny Green, Manu Ginobili, Marco Belinelli, Patty Mills, Tiago Splitter",7,25,25,28,25,720,779,3,0,3,59
"41400164","LAC","Blake Griffin, Chris Paul, Glen Davis, JJ Redick, Matt Barnes",8,37,36,37,36,1010,1010,0,0,0,0
"41400164","SAS","Boris Diaw, Danny Green, Manu Ginobili, Patty Mills, Tiago Splitter",8,28,25,29,32,779,883,1,7,-6,104
"41400164","LAC","Blake Griffin, Chris Paul, DeAndre Jordan, JJ Redick, Matt Barnes",9,37,36,48,45,1010,1342,11,9,2,332
"41400164","SAS","Boris Diaw, Danny Green, Manu Ginobili, Patty Mills, Tim Duncan",9,29,32,29,32,883,883,0,0,0,0
"41400164","LAC","Chris Paul, DeAndre Jordan, Jamal Crawford, JJ Redick, Matt Barnes",10,48,45,48,45,1342,1342,0,0,0,0
"41400164","SAS","Boris Diaw, Danny Green, Kawhi Leonard, Patty Mills, Tim Duncan",10,29,32,36,37,883,1010,7,5,2,127
"41400164","LAC","Chris Paul, DeAndre Jordan, Glen Davis, Jamal Crawford, JJ Redick",11,48,45,51,47,1342,1417,3,2,1,75
"41400164","SAS","Boris Diaw, Danny Green, Kawhi Leonard, Tim Duncan, Tony Parker",11,36,37,36,37,1010,1010,0,0,0,0
"41400164","LAC","Chris Paul, Glen Davis, Jamal Crawford, JJ Redick, Matt Barnes",12,51,47,51,47,1417,1417,0,0,0,0
"41400164","SAS","Danny Green, Kawhi Leonard, Tiago Splitter, Tim Duncan, Tony Parker",12,36,37,36,39,1010,1057,0,2,-2,47
"41400164","LAC","Blake Griffin, Chris Paul, Jamal Crawford, JJ Redick, Matt Barnes",13,51,47,51,47,1417,1438,0,0,0,21
"41400164","SAS","Kawhi Leonard, Marco Belinelli, Tiago Splitter, Tim Duncan, Tony Parker",13,36,39,38,41,1057,1196,2,2,0,139
"41400164","LAC","Blake Griffin, Chris Paul, DeAndre Jordan, Jamal Crawford, JJ Redick",14,51,47,51,47,1438,1438,0,0,0,0
"41400164","SAS","Boris Diaw, Kawhi Leonard, Marco Belinelli, Tim Duncan, Tony Parker",14,38,41,38,41,1196,1196,0,0,0,0
"41400164","LAC","Austin Rivers, Chris Paul, DeAndre Jordan, Jamal Crawford, JJ Redick",15,51,47,51,47,1438,1440,0,0,0,2
"41400164","SAS","Boris Diaw, Kawhi Leonard, Manu Ginobili, Tim Duncan, Tony Parker",15,38,41,47,51,1196,1417,9,10,-1,221
"41400164","LAC","Blake Griffin, Chris Paul, DeAndre Jordan, JJ Redick, Matt Barnes",16,51,47,61,58,1440,1738,10,11,-1,298
"41400164","SAS","Boris Diaw, Danny Green, Kawhi Leonard, Manu Ginobili, Tony Parker",16,47,51,47,51,1417,1440,0,0,0,23
"41400164","LAC","Blake Griffin, Chris Paul, DeAndre Jordan, Jamal Crawford, JJ Redick",17,61,58,65,66,1738,1860,4,8,-4,122
"41400164","SAS","Danny Green, Kawhi Leonard, Tiago Splitter, Tim Duncan, Tony Parker",17,47,51,51,56,1440,1583,4,5,-1,143
"41400164","LAC","Austin Rivers, Blake Griffin, Chris Paul, DeAndre Jordan, Jamal Crawford",18,65,66,69,70,1860,1994,4,4,0,134
"41400164","SAS","Boris Diaw, Danny Green, Kawhi Leonard, Tim Duncan, Tony Parker",18,51,56,55,56,1583,1664,4,0,4,81
"41400164","LAC","Austin Rivers, Blake Griffin, Chris Paul, Glen Davis, Jamal Crawford",19,69,70,81,76,1994,2157,12,6,6,163
"41400164","SAS","Boris Diaw, Danny Green, Kawhi Leonard, Patty Mills, Tim Duncan",19,55,56,55,56,1664,1664,0,0,0,0
"41400164","LAC","Austin Rivers, Blake Griffin, Glen Davis, Jamal Crawford, JJ Redick",20,81,76,93,84,2157,2336,12,8,4,179
"41400164","SAS","Boris Diaw, Kawhi Leonard, Manu Ginobili, Patty Mills, Tim Duncan",20,55,56,68,69,1664,1947,13,13,0,283
"41400164","LAC","Austin Rivers, Blake Griffin, DeAndre Jordan, Jamal Crawford, JJ Redick",21,93,84,93,84,2336,2336,0,0,0,0
"41400164","SAS","Boris Diaw, Kawhi Leonard, Manu Ginobili, Patty Mills, Tiago Splitter",21,68,69,70,69,1947,1994,2,0,2,47
"41400164","LAC","Austin Rivers, Blake Griffin, Chris Paul, DeAndre Jordan, Jamal Crawford",22,93,84,95,88,2336,2476,2,4,-2,140
"41400164","SAS","Kawhi Leonard, Manu Ginobili, Matt Bonner, Patty Mills, Tiago Splitter",22,70,69,70,71,1994,2026,0,2,-2,32
"41400164","LAC","Austin Rivers, Blake Griffin, DeAndre Jordan, Jamal Crawford, JJ Redick",23,95,88,95,88,2476,2476,0,0,0,0
"41400164","SAS","Boris Diaw, Kawhi Leonard, Manu Ginobili, Matt Bonner, Patty Mills",23,70,71,70,75,2026,2058,0,4,-4,32
"41400164","LAC","Austin Rivers, Blake Griffin, DeAndre Jordan, JJ Redick, Matt Barnes",24,95,88,95,88,2476,2497,0,0,0,21
"41400164","SAS","Boris Diaw, Kawhi Leonard, Manu Ginobili, Matt Bonner, Tony Parker",24,70,75,72,75,2058,2072,2,0,2,14
"41400164","LAC","Austin Rivers, Blake Griffin, Glen Davis, JJ Redick, Matt Barnes",25,95,88,95,88,2497,2522,0,0,0,25
"41400164","SAS","Boris Diaw, Danny Green, Manu Ginobili, Matt Bonner, Tony Parker",25,72,75,76,81,2072,2157,4,6,-2,85
"41400164","LAC","Blake Griffin, Chris Paul, Glen Davis, JJ Redick, Matt Barnes",26,95,88,99,90,2522,2581,4,2,2,59
"41400164","SAS","Boris Diaw, Cory Joseph, Danny Green, Manu Ginobili, Tony Parker",26,76,81,76,81,2157,2160,0,0,0,3
"41400164","LAC","Blake Griffin, Chris Paul, Glen Davis, Jamal Crawford, JJ Redick",27,99,90,108,98,2581,2774,9,8,1,193
"41400164","SAS","Boris Diaw, Danny Green, Manu Ginobili, Tim Duncan, Tony Parker",27,76,81,80,91,2160,2272,4,10,-6,112
"41400164","LAC","Blake Griffin, Chris Paul, DeAndre Jordan, Jamal Crawford, JJ Redick",28,108,98,114,105,2774,2880,6,7,-1,106
"41400164","SAS","Boris Diaw, Danny Green, Kawhi Leonard, Tim Duncan, Tony Parker",28,80,91,88,95,2272,2495,8,4,4,223
"41400164","SAS","Danny Green, Kawhi Leonard, Matt Bonner, Tim Duncan, Tony Parker",29,88,95,88,95,2495,2497,0,0,0,2
"41400164","SAS","Danny Green, Kawhi Leonard, Matt Bonner, Patty Mills, Tim Duncan",30,88,95,88,95,2497,2522,0,0,0,25
"41400164","SAS","Boris Diaw, Danny Green, Kawhi Leonard, Patty Mills, Tim Duncan",31,88,95,92,101,2522,2627,4,6,-2,105
"41400164","SAS","Boris Diaw, Kawhi Leonard, Marco Belinelli, Patty Mills, Tim Duncan",32,92,101,92,106,2627,2692,0,5,-5,65
"41400164","SAS","Boris Diaw, Kawhi Leonard, Patty Mills, Tim Duncan, Tony Parker",33,92,106,92,106,2692,2692,0,0,0,0
"41400164","SAS","Kawhi Leonard, Matt Bonner, Patty Mills, Tim Duncan, Tony Parker",34,92,106,98,108,2692,2774,6,2,4,82
"41400164","SAS","Kawhi Leonard, Marco Belinelli, Patty Mills, Tim Duncan, Tony Parker",35,98,108,98,108,2774,2774,0,0,0,0
"41400164","SAS","Danny Green, Kawhi Leonard, Marco Belinelli, Patty Mills, Tim Duncan",36,98,108,100,112,2774,2831,2,4,-2,57
"41400164","SAS","Danny Green, Kawhi Leonard, Marco Belinelli, Matt Bonner, Patty Mills",37,100,112,100,112,2831,2831,0,0,0,0
"41400164","SAS","Danny Green, Jeff Ayres, Marco Belinelli, Matt Bonner, Patty Mills",38,100,112,100,112,2831,2831,0,0,0,0
"41400164","SAS","Aron Baynes, Jeff Ayres, Marco Belinelli, Matt Bonner, Patty Mills",39,100,112,100,112,2831,2831,0,0,0,0
"41400164","SAS","Aron Baynes, Cory Joseph, Jeff Ayres, Marco Belinelli, Matt Bonner",40,100,112,105,114,2831,2880,5,2,3,49
"41400165","LAC","Blake Griffin, Chris Paul, DeAndre Jordan, JJ Redick, Matt Barnes",0,0,0,16,11,0,432,16,11,5,432
"41400165","SAS","Danny Green, Kawhi Leonard, Tiago Splitter, Tim Duncan, Tony Parker",0,0,0,5,12,0,255,5,12,-7,255
"41400165","LAC","Blake Griffin, Chris Paul, DeAndre Jordan, Jamal Crawford, JJ Redick",1,16,11,19,13,432,519,3,2,1,87
"41400165","SAS","Boris Diaw, Danny Green, Kawhi Leonard, Tim Duncan, Tony Parker",1,5,12,11,16,255,432,6,4,2,177
"41400165","LAC","Austin Rivers, Blake Griffin, Chris Paul, DeAndre Jordan, Jamal Crawford",2,19,13,23,13,519,552,4,0,4,33
"41400165","SAS","Boris Diaw, Danny Green, Kawhi Leonard, Patty Mills, Tim Duncan",2,11,16,11,16,432,432,0,0,0,0
"41400165","LAC","Austin Rivers, Blake Griffin, Chris Paul, Glen Davis, Jamal Crawford",3,23,13,27,15,552,630,4,2,2,78
"41400165","SAS","Boris Diaw, Kawhi Leonard, Manu Ginobili, Patty Mills, Tim Duncan",3,11,16,13,21,432,546,2,5,-3,114
"41400165","LAC","Austin Rivers, Blake Griffin, Glen Davis, Jamal Crawford, JJ Redick",4,27,15,27,22,630,720,0,7,-7,90
"41400165","SAS","Aron Baynes, Boris Diaw, Kawhi Leonard, Manu Ginobili, Patty Mills",4,13,21,13,23,546,552,0,2,-2,6
"41400165","LAC","Austin Rivers, DeAndre Jordan, Glen Davis, Jamal Crawford, JJ Redick",5,27,22,34,32,720,925,7,10,-3,205
"41400165","SAS","Aron Baynes, Boris Diaw, Manu Ginobili, Marco Belinelli, Patty Mills",5,13,23,32,30,552,865,19,7,12,313
"41400165","LAC","Austin Rivers, DeAndre Jordan, Glen Davis, JJ Redick, Matt Barnes",6,34,32,34,32,925,925,0,0,0,0
"41400165","SAS","Aron Baynes, Boris Diaw, Kawhi Leonard, Marco Belinelli, Patty Mills",6,32,30,32,34,865,925,0,4,-4,60
"41400165","LAC","Austin Rivers, Blake Griffin, DeAndre Jordan, JJ Redick, Matt Barnes",7,34,32,34,32,925,925,0,0,0,0
"41400165","SAS","Aron Baynes, Kawhi Leonard, Marco Belinelli, Patty Mills, Tim Duncan",7,32,34,32,34,925,925,0,0,0,0
"41400165","LAC","Blake Griffin, Chris Paul, DeAndre Jordan, JJ Redick, Matt Barnes",8,34,32,44,46,925,1203,10,14,-4,278
"41400165","SAS","Kawhi Leonard, Marco Belinelli, Matt Bonner, Patty Mills, Tim Duncan",8,32,34,32,36,925,986,0,2,-2,61
"41400165","LAC","Blake Griffin, Chris Paul, Jamal Crawford, JJ Redick, Matt Barnes",9,44,46,54,53,1203,1440,10,7,3,237
"41400165","SAS","Kawhi Leonard, Marco Belinelli, Matt Bonner, Tim Duncan, Tony Parker",9,32,36,32,36,986,986,0,0,0,0
"41400165","LAC","Blake Griffin, Chris Paul, DeAndre Jordan, JJ Redick, Matt Barnes",10,54,53,62,63,1440,1837,8,10,-2,397
"41400165","SAS","Kawhi Leonard, Marco Belinelli, Tiago Splitter, Tim Duncan, Tony Parker",10,32,36,34,40,986,1060,2,4,-2,74
"41400165","LAC","Blake Griffin, Chris Paul, DeAndre Jordan, Jamal Crawford, JJ Redick",11,62,63,67,67,1837,1921,5,4,1,84
"41400165","SAS","Danny Green, Kawhi Leonard, Tiago Splitter, Tim Duncan, Tony Parker",11,34,40,37,42,1060,1095,3,2,1,35
"41400165","LAC","Austin Rivers, Blake Griffin, Chris Paul, DeAndre Jordan, Jamal Crawford",12,67,67,67,72,1921,1954,0,5,-5,33
"41400165","SAS","Boris Diaw, Danny Green, Kawhi Leonard, Tim Duncan, Tony Parker",12,37,42,41,42,1095,1161,4,0,4,66
"41400165","LAC","Austin Rivers, Blake Griffin, Chris Paul, Glen Davis, Jamal Crawford",13,67,72,76,77,1954,2084,9,5,4,130
"41400165","SAS","Danny Green, Kawhi Leonard, Matt Bonner, Tim Duncan, Tony Parker",13,41,42,46,44,1161,1203,5,2,3,42
"41400165","LAC","Austin Rivers, Chris Paul, Glen Davis, Jamal Crawford, Matt Barnes",14,76,77,76,77,2084,2084,0,0,0,0
"41400165","SAS","Danny Green, Kawhi Leonard, Manu Ginobili, Tim Duncan, Tony Parker",14,46,44,53,54,1203,1440,7,10,-3,237
"41400165","LAC","Austin Rivers, Glen Davis, Jamal Crawford, JJ Redick, Matt Barnes",15,76,77,84,85,2084,2217,8,8,0,133
"41400165","SAS","Danny Green, Kawhi Leonard, Tiago Splitter, Tim Duncan, Tony Parker",15,53,54,56,62,1440,1593,3,8,-5,153
"41400165","LAC","Chris Paul, Glen Davis, Jamal Crawford, JJ Redick, Matt Barnes",16,84,85,84,85,2217,2217,0,0,0,0
"41400165","SAS","Aron Baynes, Danny Green, Kawhi Leonard, Tim Duncan, Tony Parker",16,56,62,61,62,1593,1790,5,0,5,197
"41400165","LAC","Chris Paul, DeAndre Jordan, Jamal Crawford, JJ Redick, Matt Barnes",17,84,85,88,85,2217,2271,4,0,4,54
"41400165","SAS","Boris Diaw, Danny Green, Kawhi Leonard, Tim Duncan, Tony Parker",17,61,62,63,62,1790,1831,2,0,2,41
"41400165","LAC","Blake Griffin, Chris Paul, DeAndre Jordan, Jamal Crawford, Matt Barnes",18,88,85,88,89,2271,2328,0,4,-4,57
"41400165","SAS","Aron Baynes, Danny Green, Kawhi Leonard, Tim Duncan, Tony Parker",18,63,62,63,64,1831,1838,0,2,-2,7
"41400165","LAC","Blake Griffin, Chris Paul, DeAndre Jordan, Jamal Crawford, JJ Redick",19,88,89,105,107,2328,2789,17,18,-1,461
"41400165","SAS","Aron Baynes, Kawhi Leonard, Manu Ginobili, Tim Duncan, Tony Parker",19,63,64,63,64,1838,1838,0,0,0,0
"41400165","LAC","Blake Griffin, Chris Paul, DeAndre Jordan, JJ Redick, Matt Barnes",20,105,107,105,108,2789,2832,0,1,-1,43
"41400165","SAS","Kawhi Leonard, Manu Ginobili, Matt Bonner, Tim Duncan, Tony Parker",20,63,64,65,65,1838,1896,2,1,1,58
"41400165","LAC","Blake Griffin, Chris Paul, DeAndre Jordan, Jamal Crawford, Matt Barnes",21,105,108,107,108,2832,2850,2,0,2,18
"41400165","SAS","Kawhi Leonard, Manu Ginobili, Matt Bonner, Patty Mills, Tim Duncan",21,65,65,72,67,1896,1954,7,2,5,58
"41400165","LAC","Austin Rivers, Blake Griffin, Chris Paul, DeAndre Jordan, Matt Barnes",22,107,108,107,108,2850,2874,0,0,0,24
"41400165","SAS","Danny Green, Kawhi Leonard, Manu Ginobili, Patty Mills, Tim Duncan",22,72,67,77,76,1954,2084,5,9,-4,130
"41400165","LAC","Blake Griffin, Chris Paul, DeAndre Jordan, Jamal Crawford, Matt Barnes",23,107,108,107,108,2874,2876,0,0,0,2
"41400165","SAS","Aron Baynes, Danny Green, Kawhi Leonard, Manu Ginobili, Patty Mills",23,77,76,79,80,2084,2125,2,4,-2,41
"41400165","LAC","Austin Rivers, Blake Griffin, Chris Paul, DeAndre Jordan, Matt Barnes",24,107,108,107,109,2876,2876,0,1,-1,0
"41400165","SAS","Aron Baynes, Danny Green, Manu Ginobili, Marco Belinelli, Patty Mills",24,79,80,85,84,2125,2217,6,4,2,92
"41400165","LAC","Austin Rivers, Blake Griffin, Chris Paul, Jamal Crawford, Matt Barnes",25,107,109,107,111,2876,2880,0,2,-2,4
"41400165","SAS","Aron Baynes, Danny Green, Manu Ginobili, Marco Belinelli, Tony Parker",25,85,84,85,84,2217,2217,0,0,0,0
"41400165","SAS","Boris Diaw, Danny Green, Manu Ginobili, Marco Belinelli, Tony Parker",26,85,84,85,88,2217,2271,0,4,-4,54
"41400165","SAS","Boris Diaw, Danny Green, Marco Belinelli, Tim Duncan, Tony Parker",27,85,88,93,92,2271,2516,8,4,4,245
"41400165","SAS","Boris Diaw, Danny Green, Kawhi Leonard, Tim Duncan, Tony Parker",28,93,92,98,94,2516,2592,5,2,3,76
"41400165","SAS","Boris Diaw, Kawhi Leonard, Marco Belinelli, Tim Duncan, Tony Parker",29,98,94,103,96,2592,2665,5,2,3,73
"41400165","SAS","Boris Diaw, Danny Green, Kawhi Leonard, Tim Duncan, Tony Parker",30,103,96,108,107,2665,2876,5,11,-6,211
"41400165","SAS","Danny Green, Kawhi Leonard, Manu Ginobili, Tim Duncan, Tony Parker",31,108,107,109,107,2876,2876,1,0,1,0
"41400165","SAS","Boris Diaw, Danny Green, Kawhi Leonard, Manu Ginobili, Tony Parker",32,109,107,111,107,2876,2880,2,0,2,4
"41400166","LAC","Blake Griffin, Chris Paul, DeAndre Jordan, JJ Redick, Matt Barnes",0,0,0,15,12,0,414,15,12,3,414
"41400166","SAS","Danny Green, Kawhi Leonard, Tiago Splitter, Tim Duncan, Tony Parker",0,0,0,10,11,0,314,10,11,-1,314
"41400166","LAC","Chris Paul, DeAndre Jordan, Glen Davis, JJ Redick, Matt Barnes",1,15,12,24,17,414,534,9,5,4,120
"41400166","SAS","Boris Diaw, Danny Green, Kawhi Leonard, Tim Duncan, Tony Parker",1,10,11,12,15,314,414,2,4,-2,100
"41400166","LAC","Chris Paul, DeAndre Jordan, Glen Davis, Jamal Crawford, Matt Barnes",2,24,17,24,19,534,573,0,2,-2,39
"41400166","SAS","Boris Diaw, Kawhi Leonard, Manu Ginobili, Tim Duncan, Tony Parker",2,12,15,17,24,414,504,5,9,-4,90
"41400166","LAC","Austin Rivers, Chris Paul, DeAndre Jordan, Glen Davis, Jamal Crawford",3,24,19,24,21,573,611,0,2,-2,38
"41400166","SAS","Boris Diaw, Kawhi Leonard, Manu Ginobili, Patty Mills, Tim Duncan",3,17,24,17,24,504,504,0,0,0,0
"41400166","LAC","Austin Rivers, Blake Griffin, Chris Paul, Glen Davis, Jamal Crawford",4,24,21,24,22,611,667,0,1,-1,56
"41400166","SAS","Boris Diaw, Kawhi Leonard, Manu Ginobili, Patty Mills, Tiago Splitter",4,17,24,22,24,504,667,5,0,5,163
"41400166","LAC","Austin Rivers, Blake Griffin, Chris Paul, Jamal Crawford, Spencer Hawes",5,24,22,26,22,667,683,2,0,2,16
"41400166","SAS","Boris Diaw, Kawhi Leonard, Manu Ginobili, Marco Belinelli, Patty Mills",5,22,24,22,26,667,683,0,2,-2,16
"41400166","LAC","Austin Rivers, Blake Griffin, Chris Paul, Dahntay Jones, Jamal Crawford",6,26,22,26,24,683,691,0,2,-2,8
"41400166","SAS","Kawhi Leonard, Manu Ginobili, Marco Belinelli, Matt Bonner, Patty Mills",6,22,26,24,26,683,691,2,0,2,8
"41400166","LAC","Austin Rivers, Blake Griffin, Chris Paul, Jamal Crawford, JJ Redick",7,26,24,26,24,691,715,0,0,0,24
"41400166","SAS","Kawhi Leonard, Manu Ginobili, Marco Belinelli, Patty Mills, Tiago Splitter",7,24,26,26,26,691,717,2,0,2,26
"41400166","LAC","Austin Rivers, Blake Griffin, Chris Paul, Dahntay Jones, Jamal Crawford",8,26,24,26,24,715,715,0,0,0,0
"41400166","SAS","Danny Green, Manu Ginobili, Marco Belinelli, Patty Mills, Tiago Splitter",8,26,26,26,28,717,770,0,2,-2,53
"41400166","LAC","Austin Rivers, Chris Paul, Dahntay Jones, Glen Davis, Jamal Crawford",9,26,24,26,26,715,717,0,2,-2,2
"41400166","SAS","Danny Green, Marco Belinelli, Patty Mills, Tiago Splitter, Tim Duncan",9,26,28,38,32,770,931,12,4,8,161
"41400166","LAC","Austin Rivers, Chris Paul, Glen Davis, Jamal Crawford, JJ Redick",10,26,26,26,26,717,720,0,0,0,3
"41400166","SAS","Boris Diaw, Danny Green, Marco Belinelli, Patty Mills, Tim Duncan",10,38,32,38,32,931,931,0,0,0,0
"41400166","LAC","Austin Rivers, Blake Griffin, Glen Davis, Jamal Crawford, JJ Redick",11,26,26,29,29,720,803,3,3,0,83
"41400166","SAS","Boris Diaw, Danny Green, Marco Belinelli, Tim Duncan, Tony Parker",11,38,32,41,32,931,985,3,0,3,54
"41400166","LAC","Austin Rivers, Blake Griffin, DeAndre Jordan, Jamal Crawford, JJ Redick",12,29,29,32,38,803,931,3,9,-6,128
"41400166","SAS","Boris Diaw, Kawhi Leonard, Marco Belinelli, Tim Duncan, Tony Parker",12,41,32,45,36,985,1067,4,4,0,82
"41400166","LAC","Blake Griffin, Chris Paul, DeAndre Jordan, Jamal Crawford, JJ Redick",13,32,38,32,41,931,985,0,3,-3,54
"41400166","SAS","Boris Diaw, Kawhi Leonard, Manu Ginobili, Tim Duncan, Tony Parker",13,45,36,47,40,1067,1201,2,4,-2,134
"41400166","LAC","Blake Griffin, Chris Paul, DeAndre Jordan, JJ Redick, Matt Barnes",14,32,41,47,47,985,1347,15,6,9,362
"41400166","SAS","Boris Diaw, Kawhi Leonard, Manu Ginobili, Tiago Splitter, Tony Parker",14,47,40,47,40,1201,1201,0,0,0,0
"41400166","LAC","Blake Griffin, Chris Paul, DeAndre Jordan, Jamal Crawford, Matt Barnes",15,47,47,51,51,1347,1404,4,4,0,57
"41400166","SAS","Kawhi Leonard, Manu Ginobili, Matt Bonner, Tiago Splitter, Tony Parker",15,47,40,47,44,1201,1263,0,4,-4,62
"41400166","LAC","Blake Griffin, Chris Paul, Glen Davis, Jamal Crawford, Matt Barnes",16,51,51,51,51,1404,1417,0,0,0,13
"41400166","SAS","Kawhi Leonard, Marco Belinelli, Matt Bonner, Tiago Splitter, Tony Parker",16,47,44,47,44,1263,1263,0,0,0,0
"41400166","LAC","Blake Griffin, Chris Paul, Jamal Crawford, JJ Redick, Matt Barnes",17,51,51,51,51,1417,1440,0,0,0,23
"41400166","SAS","Kawhi Leonard, Marco Belinelli, Matt Bonner, Patty Mills, Tiago Splitter",17,47,44,47,44,1263,1277,0,0,0,14
"41400166","LAC","Blake Griffin, Chris Paul, DeAndre Jordan, JJ Redick, Matt Barnes",18,51,51,66,61,1440,1864,15,10,5,424
"41400166","SAS","Boris Diaw, Kawhi Leonard, Marco Belinelli, Patty Mills, Tiago Splitter",18,47,44,51,51,1277,1417,4,7,-3,140
"41400166","LAC","Blake Griffin, Chris Paul, DeAndre Jordan, Jamal Crawford, JJ Redick",19,66,61,70,65,1864,1989,4,4,0,125
"41400166","SAS","Boris Diaw, Danny Green, Marco Belinelli, Patty Mills, Tiago Splitter",19,51,51,51,51,1417,1440,0,0,0,23
"41400166","LAC","Chris Paul, DeAndre Jordan, Glen Davis, Jamal Crawford, JJ Redick",20,70,65,70,65,1989,1999,0,0,0,10
"41400166","SAS","Danny Green, Kawhi Leonard, Tiago Splitter, Tim Duncan, Tony Parker",20,51,51,53,62,1440,1696,2,11,-9,256
"41400166","LAC","Austin Rivers, Chris Paul, DeAndre Jordan, Glen Davis, Jamal Crawford",21,70,65,70,67,1999,2065,0,2,-2,66
"41400166","SAS","Boris Diaw, Danny Green, Kawhi Leonard, Tim Duncan, Tony Parker",21,53,62,53,62,1696,1696,0,0,0,0
"41400166","LAC","Austin Rivers, Chris Paul, Glen Davis, Hedo Turkoglu, Jamal Crawford",22,70,67,78,74,2065,2212,8,7,1,147
"41400166","SAS","Boris Diaw, Danny Green, Marco Belinelli, Tim Duncan, Tony Parker",22,53,62,61,66,1696,1864,8,4,4,168
"41400166","LAC","Austin Rivers, Blake Griffin, Chris Paul, Hedo Turkoglu, Jamal Crawford",23,78,74,80,76,2212,2316,2,2,0,104
"41400166","SAS","Boris Diaw, Kawhi Leonard, Marco Belinelli, Tim Duncan, Tony Parker",23,61,66,65,70,1864,1989,4,4,0,125
"41400166","LAC","Austin Rivers, Blake Griffin, Chris Paul, Jamal Crawford, Matt Barnes",24,80,76,80,76,2316,2316,0,0,0,0
"41400166","SAS","Boris Diaw, Kawhi Leonard, Marco Belinelli, Patty Mills, Tim Duncan",24,65,70,65,70,1989,1989,0,0,0,0
"41400166","LAC","Blake Griffin, Chris Paul, Jamal Crawford, JJ Redick, Matt Barnes",25,80,76,85,78,2316,2493,5,2,3,177
"41400166","SAS","Boris Diaw, Kawhi Leonard, Marco Belinelli, Patty Mills, Tiago Splitter",25,65,70,67,70,1989,2053,2,0,2,64
"41400166","LAC","Blake Griffin, Chris Paul, DeAndre Jordan, Jamal Crawford, JJ Redick",26,85,78,94,88,2493,2753,9,10,-1,260
"41400166","SAS","Kawhi Leonard, Marco Belinelli, Matt Bonner, Patty Mills, Tiago Splitter",26,67,70,67,70,2053,2065,0,0,0,12
"41400166","LAC","Blake Griffin, Chris Paul, Jamal Crawford, JJ Redick, Matt Barnes",27,94,88,96,90,2753,2794,2,2,0,41
"41400166","SAS","Kawhi Leonard, Manu Ginobili, Marco Belinelli, Patty Mills, Tiago Splitter",27,67,70,76,80,2065,2370,9,10,-1,305
"41400166","LAC","Blake Griffin, Chris Paul, DeAndre Jordan, JJ Redick, Matt Barnes",28,96,90,96,93,2794,2841,0,3,-3,47
"41400166","SAS","Kawhi Leonard, Manu Ginobili, Patty Mills, Tiago Splitter, Tony Parker",28,76,80,76,80,2370,2370,0,0,0,0
"41400166","LAC","Blake Griffin, Chris Paul, DeAndre Jordan, Jamal Crawford, JJ Redick",29,96,93,98,96,2841,2866,2,3,-1,25
"41400166","SAS","Danny Green, Kawhi Leonard, Patty Mills, Tiago Splitter, Tony Parker",29,76,80,76,80,2370,2370,0,0,0,0
"41400166","LAC","Blake Griffin, Chris Paul, Jamal Crawford, JJ Redick, Matt Barnes",30,98,96,102,96,2866,2880,4,0,4,14
"41400166","SAS","Boris Diaw, Danny Green, Kawhi Leonard, Tiago Splitter, Tony Parker",30,76,80,78,85,2370,2453,2,5,-3,83
"41400166","SAS","Boris Diaw, Danny Green, Kawhi Leonard, Tim Duncan, Tony Parker",31,78,85,90,96,2453,2794,12,11,1,341
"41400166","SAS","Boris Diaw, Kawhi Leonard, Marco Belinelli, Tim Duncan, Tony Parker",32,90,96,90,96,2794,2794,0,0,0,0
"41400166","SAS","Boris Diaw, Kawhi Leonard, Marco Belinelli, Patty Mills, Tim Duncan",33,90,96,96,98,2794,2866,6,2,4,72
"41400166","SAS","Boris Diaw, Danny Green, Kawhi Leonard, Marco Belinelli, Patty Mills",34,96,98,96,100,2866,2870,0,2,-2,4
"41400166","SAS","Boris Diaw, Kawhi Leonard, Marco Belinelli, Patty Mills, Tim Duncan",35,96,100,96,102,2870,2880,0,2,-2,10
"41400167","LAC","Blake Griffin, Chris Paul, DeAndre Jordan, JJ Redick, Matt Barnes",0,0,0,18,19,0,489,18,19,-1,489
"41400167","SAS","Danny Green, Kawhi Leonard, Tiago Splitter, Tim Duncan, Tony Parker",0,0,0,19,14,0,400,19,14,5,400
"41400167","LAC","Blake Griffin, Chris Paul, DeAndre Jordan, Jamal Crawford, Matt Barnes",1,18,19,18,19,489,517,0,0,0,28
"41400167","SAS","Boris Diaw, Danny Green, Kawhi Leonard, Tim Duncan, Tony Parker",1,19,14,19,14,400,400,0,0,0,0
"41400167","LAC","Chris Paul, DeAndre Jordan, Glen Davis, Jamal Crawford, Matt Barnes",2,18,19,20,19,517,547,2,0,2,30
"41400167","SAS","Boris Diaw, Kawhi Leonard, Manu Ginobili, Tim Duncan, Tony Parker",2,19,14,19,18,400,489,0,4,-4,89
"41400167","LAC","Austin Rivers, Chris Paul, DeAndre Jordan, Glen Davis, Jamal Crawford",3,20,19,23,22,547,608,3,3,0,61
"41400167","SAS","Boris Diaw, Kawhi Leonard, Manu Ginobili, Patty Mills, Tim Duncan",3,19,18,19,18,489,489,0,0,0,0
"41400167","LAC","Austin Rivers, DeAndre Jordan, Glen Davis, Jamal Crawford, JJ Redick",4,23,22,28,30,608,720,5,8,-3,112
"41400167","SAS","Boris Diaw, Manu Ginobili, Marco Belinelli, Patty Mills, Tim Duncan",4,19,18,27,28,489,686,8,10,-2,197
"41400167","LAC","Austin Rivers, Blake Griffin, Glen Davis, Jamal Crawford, JJ Redick",5,28,30,29,32,720,767,1,2,-1,47
"41400167","SAS","Boris Diaw, Manu Ginobili, Marco Belinelli, Patty Mills, Tiago Splitter",5,27,28,30,28,686,720,3,0,3,34
"41400167","LAC","Austin Rivers, Blake Griffin, Hedo Turkoglu, Jamal Crawford, JJ Redick",6,29,32,34,37,767,925,5,5,0,158
"41400167","SAS","Danny Green, Manu Ginobili, Marco Belinelli, Patty Mills, Tiago Splitter",6,30,28,37,34,720,903,7,6,1,183
"41400167","LAC","Austin Rivers, Blake Griffin, Jamal Crawford, JJ Redick, Matt Barnes",7,34,37,38,39,925,1053,4,2,2,128
"41400167","SAS","Danny Green, Kawhi Leonard, Marco Belinelli, Patty Mills, Tiago Splitter",7,37,34,37,34,903,925,0,0,0,22
"41400167","LAC","Austin Rivers, Blake Griffin, Chris Paul, Jamal Crawford, Matt Barnes",8,38,39,38,39,1053,1053,0,0,0,0
"41400167","SAS","Boris Diaw, Danny Green, Kawhi Leonard, Marco Belinelli, Patty Mills",8,37,34,37,34,925,925,0,0,0,0
"41400167","LAC","Blake Griffin, Chris Paul, DeAndre Jordan, Jamal Crawford, Matt Barnes",9,38,39,43,42,1053,1102,5,3,2,49
"41400167","SAS","Boris Diaw, Danny Green, Kawhi Leonard, Marco Belinelli, Tony Parker",9,37,34,39,38,925,1053,2,4,-2,128
"41400167","LAC","Blake Griffin, Chris Paul, DeAndre Jordan, JJ Redick, Matt Barnes",10,43,42,45,46,1102,1188,2,4,-2,86
"41400167","SAS","Boris Diaw, Danny Green, Kawhi Leonard, Tim Duncan, Tony Parker",10,39,38,46,45,1053,1188,7,7,0,135
"41400167","LAC","Chris Paul, DeAndre Jordan, Glen Davis, JJ Redick, Matt Barnes",11,45,46,49,50,1188,1285,4,4,0,97
"41400167","SAS","Danny Green, Kawhi Leonard, Tiago Splitter, Tim Duncan, Tony Parker",11,46,45,50,49,1188,1267,4,4,0,79
"41400167","LAC","Chris Paul, DeAndre Jordan, Glen Davis, Jamal Crawford, JJ Redick",12,49,50,57,52,1285,1419,8,2,6,134
"41400167","SAS","Kawhi Leonard, Marco Belinelli, Tiago Splitter, Tim Duncan, Tony Parker",12,50,49,52,53,1267,1402,2,4,-2,135
"41400167","LAC","Austin Rivers, Chris Paul, DeAndre Jordan, Glen Davis, JJ Redick",13,57,52,57,52,1419,1419,0,0,0,0
"41400167","SAS","Boris Diaw, Kawhi Leonard, Marco Belinelli, Tim Duncan, Tony Parker",13,52,53,52,53,1402,1402,0,0,0,0
"41400167","LAC","Austin Rivers, Chris Paul, Dahntay Jones, DeAndre Jordan, Glen Davis",14,57,52,57,55,1419,1440,0,3,-3,21
"41400167","SAS","Boris Diaw, Kawhi Leonard, Manu Ginobili, Tim Duncan, Tony Parker",14,52,53,52,57,1402,1419,0,4,-4,17
"41400167","LAC","Blake Griffin, Chris Paul, DeAndre Jordan, JJ Redick, Matt Barnes",15,57,55,65,64,1440,1725,8,9,-1,285
"41400167","SAS","Boris Diaw, Kawhi Leonard, Manu Ginobili, Patty Mills, Tim Duncan",15,52,57,55,57,1419,1440,3,0,3,21
"41400167","LAC","Blake Griffin, Chris Paul, DeAndre Jordan, Jamal Crawford, JJ Redick",16,65,64,72,72,1725,1939,7,8,-1,214
"41400167","SAS","Danny Green, Kawhi Leonard, Tiago Splitter, Tim Duncan, Tony Parker",16,55,57,57,62,1440,1565,2,5,-3,125
"41400167","LAC","Austin Rivers, Blake Griffin, DeAndre Jordan, Jamal Crawford, JJ Redick",17,72,72,74,72,1939,1999,2,0,2,60
"41400167","SAS","Danny Green, Marco Belinelli, Tiago Splitter, Tim Duncan, Tony Parker",17,57,62,64,65,1565,1725,7,3,4,160
"41400167","LAC","Austin Rivers, Blake Griffin, Glen Davis, Jamal Crawford, JJ Redick",18,74,72,76,76,1999,2150,2,4,-2,151
"41400167","SAS","Boris Diaw, Danny Green, Marco Belinelli, Tim Duncan, Tony Parker",18,64,65,72,72,1725,1939,8,7,1,214
"41400167","LAC","Austin Rivers, Blake Griffin, Dahntay Jones, Jamal Crawford, JJ Redick",19,76,76,76,78,2150,2153,0,2,-2,3
"41400167","SAS","Boris Diaw, Manu Ginobili, Marco Belinelli, Tim Duncan, Tony Parker",19,72,72,72,72,1939,1939,0,0,0,0
"41400167","LAC","Blake Griffin, Dahntay Jones, Jamal Crawford, JJ Redick, Matt Barnes",20,76,78,76,78,2153,2153,0,0,0,0
"41400167","SAS","Boris Diaw, Kawhi Leonard, Manu Ginobili, Tim Duncan, Tony Parker",20,72,72,72,72,1939,1939,0,0,0,0
"41400167","LAC","Blake Griffin, Chris Paul, Jamal Crawford, JJ Redick, Matt Barnes",21,76,78,79,78,2153,2160,3,0,3,7
"41400167","SAS","Boris Diaw, Kawhi Leonard, Manu Ginobili, Patty Mills, Tim Duncan",21,72,72,74,76,1939,2066,2,4,-2,127
"41400167","LAC","Blake Griffin, Chris Paul, DeAndre Jordan, Jamal Crawford, Matt Barnes",22,79,78,86,87,2160,2341,7,9,-2,181
"41400167","SAS","Boris Diaw, Danny Green, Kawhi Leonard, Manu Ginobili, Patty Mills",22,74,76,78,79,2066,2160,4,3,1,94
"41400167","LAC","Blake Griffin, Chris Paul, DeAndre Jordan, Jamal Crawford, JJ Redick",23,86,87,94,97,2341,2554,8,10,-2,213
"41400167","SAS","Boris Diaw, Kawhi Leonard, Manu Ginobili, Patty Mills, Tiago Splitter",23,78,79,87,86,2160,2326,9,7,2,166
"41400167","LAC","Blake Griffin, Chris Paul, Jamal Crawford, JJ Redick, Matt Barnes",24,94,97,109,107,2554,2867,15,10,5,313
"41400167","SAS","Boris Diaw, Danny Green, Manu Ginobili, Patty Mills, Tiago Splitter",24,87,86,87,86,2326,2326,0,0,0,0
"41400167","LAC","Blake Griffin, Chris Paul, DeAndre Jordan, JJ Redick, Matt Barnes",25,109,107,109,109,2867,2872,0,2,-2,5
"41400167","SAS","Boris Diaw, Danny Green, Marco Belinelli, Patty Mills, Tiago Splitter",25,87,86,87,86,2326,2341,0,0,0,15
"41400167","LAC","Blake Griffin, Chris Paul, Jamal Crawford, JJ Redick, Matt Barnes",26,109,109,111,109,2872,2879,2,0,2,7
"41400167","SAS","Boris Diaw, Danny Green, Marco Belinelli, Patty Mills, Tim Duncan",26,87,86,87,86,2341,2341,0,0,0,0
"41400167","LAC","Blake Griffin, DeAndre Jordan, Jamal Crawford, JJ Redick, Matt Barnes",27,111,109,111,109,2879,2880,0,0,0,1
"41400167","SAS","Boris Diaw, Danny Green, Patty Mills, Tim Duncan, Tony Parker",27,87,86,89,91,2341,2419,2,5,-3,78
"41400167","SAS","Boris Diaw, Danny Green, Kawhi Leonard, Tim Duncan, Tony Parker",28,89,91,89,91,2419,2419,0,0,0,0
"41400167","SAS","Danny Green, Kawhi Leonard, Manu Ginobili, Tim Duncan, Tony Parker",29,89,91,97,97,2419,2583,8,6,2,164
"41400167","SAS","Boris Diaw, Danny Green, Kawhi Leonard, Tim Duncan, Tony Parker",30,97,97,107,109,2583,2867,10,12,-2,284
"41400167","SAS","Danny Green, Kawhi Leonard, Marco Belinelli, Tim Duncan, Tony Parker",31,107,109,109,109,2867,2872,2,0,2,5
"41400167","SAS","Danny Green, Kawhi Leonard, Manu Ginobili, Tim Duncan, Tony Parker",32,109,109,109,111,2872,2879,0,2,-2,7
"41400167","SAS","Danny Green, Kawhi Leonard, Manu Ginobili, Matt Bonner, Tony Parker",33,109,111,109,111,2879,2879,0,0,0,0
"41400167","SAS","Danny Green, Kawhi Leonard, Manu Ginobili, Marco Belinelli, Matt Bonner",34,109,111,109,111,2879,2879,0,0,0,0
"41400167","SAS","Boris Diaw, Danny Green, Kawhi Leonard, Marco Belinelli, Matt Bonner",35,109,111,109,111,2879,2880,0,0,0,1
"41400171","MEM","Courtney Lee, Jeff Green, Marc Gasol, Mike Conley, Zach Randolph",0,0,0,12,8,0,424,12,8,4,424
"41400171","POR","CJ McCollum, Damian Lillard, LaMarcus Aldridge, Nicolas Batum, Robin Lopez",0,0,0,8,12,0,424,8,12,-4,424
"41400171","MEM","Courtney Lee, Marc Gasol, Mike Conley, Tony Allen, Zach Randolph",1,12,8,12,9,424,492,0,1,-1,68
"41400171","POR","Chris Kaman, CJ McCollum, Damian Lillard, LaMarcus Aldridge, Robin Lopez",1,8,12,8,12,424,424,0,0,0,0
"41400171","MEM","Beno Udrih, Courtney Lee, Marc Gasol, Tony Allen, Zach Randolph",2,12,9,17,9,492,587,5,0,5,95
"41400171","POR","Allen Crabbe, Chris Kaman, CJ McCollum, Damian Lillard, LaMarcus Aldridge",2,8,12,9,14,424,506,1,2,-1,82
"41400171","MEM","Beno Udrih, Marc Gasol, Tony Allen, Vince Carter, Zach Randolph",3,17,9,19,15,587,648,2,6,-4,61
"41400171","POR","Allen Crabbe, Chris Kaman, CJ McCollum, LaMarcus Aldridge, Steve Blake",3,9,14,9,14,506,506,0,0,0,0
"41400171","MEM","Beno Udrih, Kosta Koufos, Marc Gasol, Tony Allen, Vince Carter",4,19,15,23,15,648,700,4,0,4,52
"41400171","POR","Allen Crabbe, Chris Kaman, LaMarcus Aldridge, Nicolas Batum, Steve Blake",4,9,14,15,25,506,720,6,11,-5,214
"41400171","MEM","Beno Udrih, Courtney Lee, Kosta Koufos, Marc Gasol, Vince Carter",5,23,15,23,15,700,700,0,0,0,0
"41400171","POR","Damian Lillard, Meyers Leonard, Nicolas Batum, Robin Lopez, Steve Blake",5,15,25,18,32,720,829,3,7,-4,109
"41400171","MEM","Beno Udrih, Courtney Lee, Jeff Green, Marc Gasol, Vince Carter",6,23,15,25,15,700,720,2,0,2,20
"41400171","POR","CJ McCollum, Damian Lillard, Nicolas Batum, Robin Lopez, Steve Blake",6,18,32,18,34,829,900,0,2,-2,71
"41400171","MEM","Beno Udrih, Jeff Green, Kosta Koufos, Tony Allen, Vince Carter",7,25,15,36,20,720,956,11,5,6,236
"41400171","POR","CJ McCollum, Damian Lillard, LaMarcus Aldridge, Nicolas Batum, Robin Lopez",7,18,34,22,38,900,989,4,4,0,89
"41400171","MEM","Beno Udrih, Courtney Lee, Jeff Green, Kosta Koufos, Vince Carter",8,36,20,38,22,956,989,2,2,0,33
"41400171","POR","Chris Kaman, CJ McCollum, Damian Lillard, LaMarcus Aldridge, Nicolas Batum",8,22,38,22,38,989,989,0,0,0,0
"41400171","MEM","Courtney Lee, Jeff Green, Kosta Koufos, Mike Conley, Vince Carter",9,38,22,38,25,989,1037,0,3,-3,48
"41400171","POR","Allen Crabbe, Chris Kaman, CJ McCollum, Damian Lillard, LaMarcus Aldridge",9,22,38,29,42,989,1151,7,4,3,162
"41400171","MEM","Courtney Lee, Jeff Green, Mike Conley, Vince Carter, Zach Randolph",10,38,25,38,25,1037,1037,0,0,0,0
"41400171","POR","Chris Kaman, CJ McCollum, Damian Lillard, LaMarcus Aldridge, Nicolas Batum",10,29,42,37,54,1151,1365,8,12,-4,214
"41400171","MEM","Courtney Lee, Jeff Green, Marc Gasol, Mike Conley, Zach Randolph",11,38,25,49,35,1037,1280,11,10,1,243
"41400171","POR","CJ McCollum, Damian Lillard, LaMarcus Aldridge, Nicolas Batum, Robin Lopez",11,37,54,48,71,1365,1829,11,17,-6,464
"41400171","MEM","Courtney Lee, Marc Gasol, Mike Conley, Tony Allen, Zach Randolph",12,49,35,58,39,1280,1440,9,4,5,160
"41400171","POR","Chris Kaman, CJ McCollum, Damian Lillard, LaMarcus Aldridge, Nicolas Batum",12,48,71,48,73,1829,1849,0,2,-2,20
"41400171","MEM","Courtney Lee, Jeff Green, Marc Gasol, Mike Conley, Zach Randolph",13,58,39,73,48,1440,1849,15,9,6,409
"41400171","POR","Allen Crabbe, Chris Kaman, Damian Lillard, LaMarcus Aldridge, Nicolas Batum",13,48,73,53,80,1849,2007,5,7,-2,158
"41400171","MEM","Courtney Lee, Marc Gasol, Mike Conley, Tony Allen, Zach Randolph",14,73,48,78,53,1849,1925,5,5,0,76
"41400171","POR","Allen Crabbe, Chris Kaman, CJ McCollum, Damian Lillard, LaMarcus Aldridge",14,53,80,53,80,2007,2007,0,0,0,0
"41400171","MEM","Beno Udrih, Courtney Lee, Marc Gasol, Tony Allen, Zach Randolph",15,78,53,80,53,1925,2007,2,0,2,82
"41400171","POR","Allen Crabbe, Chris Kaman, CJ McCollum, LaMarcus Aldridge, Steve Blake",15,53,80,53,80,2007,2012,0,0,0,5
"41400171","MEM","Beno Udrih, Courtney Lee, Kosta Koufos, Tony Allen, Zach Randolph",16,80,53,85,59,2007,2115,5,6,-1,108
"41400171","POR","Allen Crabbe, CJ McCollum, LaMarcus Aldridge, Meyers Leonard, Steve Blake",16,53,80,59,85,2012,2115,6,5,1,103
"41400171","MEM","Beno Udrih, Jeff Green, Kosta Koufos, Tony Allen, Zach Randolph",17,85,59,85,62,2115,2132,0,3,-3,17
"41400171","POR","CJ McCollum, Damian Lillard, LaMarcus Aldridge, Meyers Leonard, Steve Blake",17,59,85,62,85,2115,2132,3,0,3,17
"41400171","MEM","Beno Udrih, Jeff Green, Kosta Koufos, Marc Gasol, Tony Allen",18,85,62,90,72,2132,2389,5,10,-5,257
"41400171","POR","Allen Crabbe, CJ McCollum, LaMarcus Aldridge, Meyers Leonard, Steve Blake",18,62,85,62,86,2132,2146,0,1,-1,14
"41400171","MEM","Beno Udrih, Kosta Koufos, Marc Gasol, Tony Allen, Vince Carter",19,90,72,90,72,2389,2389,0,0,0,0
"41400171","POR","CJ McCollum, Damian Lillard, LaMarcus Aldridge, Meyers Leonard, Steve Blake",19,62,86,62,86,2146,2160,0,0,0,14
"41400171","MEM","Beno Udrih, Marc Gasol, Tony Allen, Vince Carter, Zach Randolph",20,90,72,98,80,2389,2698,8,8,0,309
"41400171","POR","CJ McCollum, Damian Lillard, LaMarcus Aldridge, Meyers Leonard, Nicolas Batum",20,62,86,80,98,2160,2698,18,12,6,538
"41400171","MEM","Beno Udrih, Marc Gasol, Nick Calathes, Vince Carter, Zach Randolph",21,98,80,98,84,2698,2797,0,4,-4,99
"41400171","POR","CJ McCollum, Damian Lillard, Joel Freeland, LaMarcus Aldridge, Meyers Leonard",21,80,98,80,98,2698,2698,0,0,0,0
"41400171","MEM","Beno Udrih, Jon Leuer, Marc Gasol, Nick Calathes, Vince Carter",22,98,84,98,84,2797,2797,0,0,0,0
"41400171","POR","Allen Crabbe, CJ McCollum, Damian Lillard, Joel Freeland, Meyers Leonard",22,80,98,80,98,2698,2698,0,0,0,0
"41400171","MEM","Beno Udrih, Jon Leuer, Jordan Adams, Nick Calathes, Vince Carter",23,98,84,98,84,2797,2797,0,0,0,0
"41400171","POR","Allen Crabbe, Alonzo Gee, Damian Lillard, Joel Freeland, Meyers Leonard",23,80,98,80,98,2698,2698,0,0,0,0
"41400171","MEM","Beno Udrih, JaMychal Green, Jon Leuer, Jordan Adams, Nick Calathes",24,98,84,100,86,2797,2880,2,2,0,83
"41400171","POR","Allen Crabbe, Alonzo Gee, Joel Freeland, Meyers Leonard, Tim Frazier",24,80,98,86,100,2698,2880,6,2,4,182
"41400172","MEM","Courtney Lee, Marc Gasol, Mike Conley, Tony Allen, Zach Randolph",0,0,0,12,18,0,428,12,18,-6,428
"41400172","POR","Allen Crabbe, Damian Lillard, LaMarcus Aldridge, Nicolas Batum, Robin Lopez",0,0,0,18,12,0,428,18,12,6,428
"41400172","MEM","Courtney Lee, Jeff Green, Marc Gasol, Mike Conley, Zach Randolph",1,12,18,15,21,428,551,3,3,0,123
"41400172","POR","Allen Crabbe, CJ McCollum, Damian Lillard, LaMarcus Aldridge, Nicolas Batum",1,18,12,18,12,428,428,0,0,0,0
"41400172","MEM","Courtney Lee, Jeff Green, Kosta Koufos, Mike Conley, Zach Randolph",2,15,21,15,21,551,551,0,0,0,0
"41400172","POR","CJ McCollum, Damian Lillard, LaMarcus Aldridge, Meyers Leonard, Nicolas Batum",2,18,12,21,15,428,551,3,3,0,123
"41400172","MEM","Beno Udrih, Courtney Lee, Jeff Green, Kosta Koufos, Zach Randolph",3,15,21,19,21,551,720,4,0,4,169
"41400172","POR","CJ McCollum, Damian Lillard, Meyers Leonard, Nicolas Batum, Robin Lopez",3,21,15,21,19,551,720,0,4,-4,169
"41400172","MEM","Beno Udrih, Jeff Green, Kosta Koufos, Tony Allen, Vince Carter",4,19,21,31,25,720,1003,12,4,8,283
"41400172","POR","Allen Crabbe, CJ McCollum, LaMarcus Aldridge, Meyers Leonard, Steve Blake",4,21,19,25,27,720,964,4,8,-4,244
"41400172","MEM","Beno Udrih, Jeff Green, Marc Gasol, Tony Allen, Vince Carter",5,31,25,31,25,1003,1003,0,0,0,0
"41400172","POR","Allen Crabbe, Damian Lillard, LaMarcus Aldridge, Meyers Leonard, Steve Blake",5,25,27,25,31,964,1003,0,4,-4,39
"41400172","MEM","Jeff Green, Marc Gasol, Mike Conley, Tony Allen, Vince Carter",6,31,25,41,31,1003,1240,10,6,4,237
"41400172","POR","Allen Crabbe, Damian Lillard, LaMarcus Aldridge, Nicolas Batum, Steve Blake",6,25,31,25,31,1003,1003,0,0,0,0
"41400172","MEM","Courtney Lee, Marc Gasol, Mike Conley, Tony Allen, Vince Carter",7,41,31,41,31,1240,1240,0,0,0,0
"41400172","POR","Allen Crabbe, Damian Lillard, LaMarcus Aldridge, Nicolas Batum, Robin Lopez",7,25,31,27,36,1003,1106,2,5,-3,103
"41400172","MEM","Courtney Lee, Marc Gasol, Mike Conley, Tony Allen, Zach Randolph",8,41,31,45,37,1240,1355,4,6,-2,115
"41400172","POR","CJ McCollum, Damian Lillard, LaMarcus Aldridge, Nicolas Batum, Robin Lopez",8,27,36,35,45,1106,1321,8,9,-1,215
"41400172","MEM","Courtney Lee, Jeff Green, Marc Gasol, Mike Conley, Zach Randolph",9,45,37,50,39,1355,1440,5,2,3,85
"41400172","POR","Allen Crabbe, Damian Lillard, LaMarcus Aldridge, Nicolas Batum, Robin Lopez",9,35,45,49,60,1321,1758,14,15,-1,437
"41400172","MEM","Courtney Lee, Marc Gasol, Mike Conley, Tony Allen, Zach Randolph",10,50,39,66,53,1440,1883,16,14,2,443
"41400172","POR","CJ McCollum, Damian Lillard, LaMarcus Aldridge, Nicolas Batum, Robin Lopez",10,49,60,51,64,1758,1801,2,4,-2,43
"41400172","MEM","Courtney Lee, Jeff Green, Marc Gasol, Mike Conley, Zach Randolph",11,66,53,68,53,1883,1932,2,0,2,49
"41400172","POR","CJ McCollum, Damian Lillard, Joel Freeland, LaMarcus Aldridge, Nicolas Batum",11,51,64,55,70,1801,2010,4,6,-2,209
"41400172","MEM","Beno Udrih, Courtney Lee, Jeff Green, Marc Gasol, Zach Randolph",12,68,53,73,58,1932,2098,5,5,0,166
"41400172","POR","CJ McCollum, Damian Lillard, Joel Freeland, Nicolas Batum, Robin Lopez",12,55,70,55,70,2010,2010,0,0,0,0
"41400172","MEM","Beno Udrih, Courtney Lee, Jeff Green, Kosta Koufos, Marc Gasol",13,73,58,73,60,2098,2133,0,2,-2,35
"41400172","POR","CJ McCollum, Damian Lillard, Meyers Leonard, Nicolas Batum, Robin Lopez",13,55,70,60,73,2010,2160,5,3,2,150
"41400172","MEM","Beno Udrih, Courtney Lee, Jeff Green, Marc Gasol, Vince Carter",14,73,60,73,60,2133,2160,0,0,0,27
"41400172","POR","CJ McCollum, LaMarcus Aldridge, Meyers Leonard, Nicolas Batum, Steve Blake",14,60,73,70,80,2160,2401,10,7,3,241
"41400172","MEM","Beno Udrih, Jeff Green, Kosta Koufos, Tony Allen, Vince Carter",15,73,60,82,70,2160,2433,9,10,-1,273
"41400172","POR","Damian Lillard, LaMarcus Aldridge, Meyers Leonard, Nicolas Batum, Steve Blake",15,70,80,70,82,2401,2433,0,2,-2,32
"41400172","MEM","Beno Udrih, Jeff Green, Marc Gasol, Tony Allen, Vince Carter",16,82,70,82,70,2433,2433,0,0,0,0
"41400172","POR","Damian Lillard, LaMarcus Aldridge, Nicolas Batum, Robin Lopez, Steve Blake",16,70,82,70,82,2433,2433,0,0,0,0
"41400172","MEM","Beno Udrih, Jeff Green, Marc Gasol, Tony Allen, Zach Randolph",17,82,70,86,73,2433,2532,4,3,1,99
"41400172","POR","Allen Crabbe, Damian Lillard, LaMarcus Aldridge, Nicolas Batum, Robin Lopez",17,70,82,73,86,2433,2532,3,4,-1,99
"41400172","MEM","Beno Udrih, Courtney Lee, Marc Gasol, Tony Allen, Zach Randolph",18,86,73,86,75,2532,2556,0,2,-2,24
"41400172","POR","CJ McCollum, Damian Lillard, LaMarcus Aldridge, Nicolas Batum, Robin Lopez",18,73,86,78,94,2532,2770,5,8,-3,238
"41400172","MEM","Courtney Lee, Marc Gasol, Mike Conley, Tony Allen, Zach Randolph",19,86,75,94,80,2556,2833,8,5,3,277
"41400172","POR","CJ McCollum, Damian Lillard, LaMarcus Aldridge, Meyers Leonard, Nicolas Batum",19,78,94,80,94,2770,2833,2,0,2,63
"41400172","MEM","Beno Udrih, Courtney Lee, Marc Gasol, Mike Conley, Zach Randolph",20,94,80,94,80,2833,2833,0,0,0,0
"41400172","POR","CJ McCollum, Damian Lillard, Joel Freeland, Meyers Leonard, Nicolas Batum",20,80,94,80,94,2833,2833,0,0,0,0
"41400172","MEM","Beno Udrih, Courtney Lee, Marc Gasol, Mike Conley, Vince Carter",21,94,80,94,80,2833,2833,0,0,0,0
"41400172","POR","Allen Crabbe, CJ McCollum, Damian Lillard, Joel Freeland, Meyers Leonard",21,80,94,82,97,2833,2880,2,3,-1,47
"41400172","MEM","Beno Udrih, Courtney Lee, Jeff Green, Mike Conley, Vince Carter",22,94,80,94,80,2833,2833,0,0,0,0
"41400172","MEM","Beno Udrih, Courtney Lee, Jeff Green, Nick Calathes, Vince Carter",23,94,80,97,82,2833,2880,3,2,1,47
"41400173","MEM","Courtney Lee, Marc Gasol, Mike Conley, Tony Allen, Zach Randolph",0,0,0,16,7,0,433,16,7,9,433
"41400173","POR","Arron Afflalo, Damian Lillard, LaMarcus Aldridge, Nicolas Batum, Robin Lopez",0,0,0,5,11,0,362,5,11,-6,362
"41400173","MEM","Courtney Lee, Jeff Green, Marc Gasol, Mike Conley, Zach Randolph",1,16,7,20,11,433,544,4,4,0,111
"41400173","POR","Arron Afflalo, Chris Kaman, Damian Lillard, LaMarcus Aldridge, Nicolas Batum",1,5,11,7,18,362,473,2,7,-5,111
"41400173","MEM","Courtney Lee, Jeff Green, Marc Gasol, Nick Calathes, Zach Randolph",2,20,11,22,11,544,584,2,0,2,40
"41400173","POR","Chris Kaman, CJ McCollum, Damian Lillard, LaMarcus Aldridge, Nicolas Batum",2,7,18,11,20,473,544,4,2,2,71
"41400173","MEM","Courtney Lee, Jeff Green, Kosta Koufos, Marc Gasol, Nick Calathes",3,22,11,22,19,584,683,0,8,-8,99
"41400173","POR","Chris Kaman, CJ McCollum, Damian Lillard, Nicolas Batum, Robin Lopez",3,11,20,19,22,544,683,8,2,6,139
"41400173","MEM","Jeff Green, Kosta Koufos, Marc Gasol, Nick Calathes, Vince Carter",4,22,19,24,19,683,720,2,0,2,37
"41400173","POR","Chris Kaman, CJ McCollum, Nicolas Batum, Robin Lopez, Steve Blake",4,19,22,19,24,683,720,0,2,-2,37
"41400173","MEM","Jeff Green, Kosta Koufos, Nick Calathes, Tony Allen, Vince Carter",5,24,19,29,24,720,827,5,5,0,107
"41400173","POR","Arron Afflalo, CJ McCollum, LaMarcus Aldridge, Meyers Leonard, Steve Blake",5,19,24,26,36,720,927,7,12,-5,207
"41400173","MEM","Jeff Green, Kosta Koufos, Mike Conley, Nick Calathes, Vince Carter",6,29,24,45,33,827,1099,16,9,7,272
"41400173","POR","Arron Afflalo, Damian Lillard, LaMarcus Aldridge, Meyers Leonard, Steve Blake",6,26,36,28,40,927,1022,2,4,-2,95
"41400173","MEM","Jeff Green, Kosta Koufos, Marc Gasol, Mike Conley, Vince Carter",7,45,33,45,33,1099,1099,0,0,0,0
"41400173","POR","CJ McCollum, Damian Lillard, LaMarcus Aldridge, Meyers Leonard, Steve Blake",7,28,40,28,40,1022,1022,0,0,0,0
"41400173","MEM","Jeff Green, Marc Gasol, Mike Conley, Vince Carter, Zach Randolph",8,45,33,50,42,1099,1210,5,9,-4,111
"41400173","POR","CJ McCollum, Damian Lillard, LaMarcus Aldridge, Meyers Leonard, Robin Lopez",8,28,40,28,40,1022,1022,0,0,0,0
"41400173","MEM","Courtney Lee, Jeff Green, Marc Gasol, Mike Conley, Zach Randolph",9,50,42,50,44,1210,1247,0,2,-2,37
"41400173","POR","CJ McCollum, Damian Lillard, LaMarcus Aldridge, Nicolas Batum, Robin Lopez",9,28,40,46,58,1022,1378,18,18,0,356
"41400173","MEM","Courtney Lee, Marc Gasol, Mike Conley, Tony Allen, Zach Randolph",10,50,44,57,46,1247,1356,7,2,5,109
"41400173","POR","Chris Kaman, CJ McCollum, Damian Lillard, LaMarcus Aldridge, Nicolas Batum",10,46,58,49,62,1378,1438,3,4,-1,60
"41400173","MEM","Courtney Lee, Marc Gasol, Nick Calathes, Tony Allen, Zach Randolph",11,57,46,60,49,1356,1427,3,3,0,71
"41400173","POR","CJ McCollum, Damian Lillard, LaMarcus Aldridge, Meyers Leonard, Nicolas Batum",11,49,62,49,62,1438,1440,0,0,0,2
"41400173","MEM","Courtney Lee, Marc Gasol, Mike Conley, Nick Calathes, Zach Randolph",12,60,49,60,49,1427,1427,0,0,0,0
"41400173","POR","Arron Afflalo, Damian Lillard, LaMarcus Aldridge, Nicolas Batum, Robin Lopez",12,49,62,56,68,1440,1700,7,6,1,260
"41400173","MEM","Courtney Lee, Jeff Green, Marc Gasol, Mike Conley, Zach Randolph",13,60,49,62,49,1427,1438,2,0,2,11
"41400173","POR","Arron Afflalo, Chris Kaman, Damian Lillard, LaMarcus Aldridge, Nicolas Batum",13,56,68,56,68,1700,1728,0,0,0,28
"41400173","MEM","Courtney Lee, Jeff Green, Marc Gasol, Nick Calathes, Zach Randolph",14,62,49,62,49,1438,1438,0,0,0,0
"41400173","POR","Chris Kaman, CJ McCollum, Damian Lillard, LaMarcus Aldridge, Nicolas Batum",14,56,68,71,82,1728,2083,15,14,1,355
"41400173","MEM","Courtney Lee, Jeff Green, Marc Gasol, Nick Calathes, Tony Allen",15,62,49,62,49,1438,1440,0,0,0,2
"41400173","POR","Chris Kaman, CJ McCollum, LaMarcus Aldridge, Nicolas Batum, Steve Blake",15,71,82,75,85,2083,2140,4,3,1,57
"41400173","MEM","Courtney Lee, Marc Gasol, Mike Conley, Tony Allen, Zach Randolph",16,62,49,74,64,1440,1917,12,15,-3,477
"41400173","POR","Arron Afflalo, CJ McCollum, LaMarcus Aldridge, Nicolas Batum, Steve Blake",16,75,85,75,85,2140,2140,0,0,0,0
"41400173","MEM","Courtney Lee, Marc Gasol, Mike Conley, Nick Calathes, Zach Randolph",17,74,64,74,64,1917,1917,0,0,0,0
"41400173","POR","Arron Afflalo, CJ McCollum, Nicolas Batum, Robin Lopez, Steve Blake",17,75,85,75,85,2140,2160,0,0,0,20
"41400173","MEM","Courtney Lee, Jeff Green, Marc Gasol, Nick Calathes, Zach Randolph",18,74,64,85,71,1917,2098,11,7,4,181
"41400173","POR","Arron Afflalo, CJ McCollum, LaMarcus Aldridge, Robin Lopez, Steve Blake",18,75,85,77,85,2160,2198,2,0,2,38
"41400173","MEM","Courtney Lee, Jeff Green, Kosta Koufos, Nick Calathes, Zach Randolph",19,85,71,85,75,2098,2140,0,4,-4,42
"41400173","POR","Arron Afflalo, Chris Kaman, CJ McCollum, LaMarcus Aldridge, Steve Blake",19,77,85,77,85,2198,2198,0,0,0,0
"41400173","MEM","Courtney Lee, Jeff Green, Nick Calathes, Vince Carter, Zach Randolph",20,85,75,85,75,2140,2160,0,0,0,20
"41400173","POR","Chris Kaman, CJ McCollum, LaMarcus Aldridge, Nicolas Batum, Steve Blake",20,77,85,79,87,2198,2265,2,2,0,67
"41400173","MEM","Courtney Lee, Jeff Green, Kosta Koufos, Nick Calathes, Vince Carter",21,85,75,87,79,2160,2287,2,4,-2,127
"41400173","POR","Chris Kaman, CJ McCollum, Damian Lillard, LaMarcus Aldridge, Nicolas Batum",21,79,87,79,90,2265,2383,0,3,-3,118
"41400173","MEM","Jeff Green, Kosta Koufos, Marc Gasol, Nick Calathes, Vince Carter",22,87,79,94,82,2287,2549,7,3,4,262
"41400173","POR","CJ McCollum, Damian Lillard, LaMarcus Aldridge, Nicolas Batum, Robin Lopez",22,79,90,79,90,2383,2383,0,0,0,0
"41400173","MEM","Jeff Green, Marc Gasol, Nick Calathes, Vince Carter, Zach Randolph",23,94,82,94,87,2549,2632,0,5,-5,83
"41400173","POR","Arron Afflalo, Damian Lillard, LaMarcus Aldridge, Nicolas Batum, Robin Lopez",23,79,90,91,100,2383,2806,12,10,2,423
"41400173","MEM","Courtney Lee, Marc Gasol, Nick Calathes, Vince Carter, Zach Randolph",24,94,87,94,87,2632,2632,0,0,0,0
"41400173","POR","Arron Afflalo, CJ McCollum, Damian Lillard, LaMarcus Aldridge, Nicolas Batum",24,91,100,94,102,2806,2811,3,2,1,5
"41400173","MEM","Courtney Lee, Marc Gasol, Nick Calathes, Tony Allen, Zach Randolph",25,94,87,102,95,2632,2817,8,8,0,185
"41400173","POR","Arron Afflalo, Damian Lillard, LaMarcus Aldridge, Nicolas Batum, Robin Lopez",25,94,102,95,102,2811,2817,1,0,1,6
"41400173","MEM","Courtney Lee, Jeff Green, Marc Gasol, Nick Calathes, Zach Randolph",26,102,95,104,95,2817,2817,2,0,2,0
"41400173","POR","Arron Afflalo, Damian Lillard, LaMarcus Aldridge, Nicolas Batum, Steve Blake",26,95,102,95,102,2817,2817,0,0,0,0
"41400173","MEM","Courtney Lee, Jeff Green, Marc Gasol, Nick Calathes, Tony Allen",27,104,95,109,101,2817,2847,5,6,-1,30
"41400173","POR","CJ McCollum, Damian Lillard, LaMarcus Aldridge, Nicolas Batum, Steve Blake",27,95,102,95,104,2817,2817,0,2,-2,0
"41400173","MEM","Courtney Lee, Marc Gasol, Nick Calathes, Tony Allen, Zach Randolph",28,109,101,109,104,2847,2852,0,3,-3,5
"41400173","POR","Arron Afflalo, CJ McCollum, Damian Lillard, LaMarcus Aldridge, Nicolas Batum",28,95,104,106,115,2817,2875,11,11,0,58
"41400173","MEM","Courtney Lee, Marc Gasol, Nick Calathes, Vince Carter, Zach Randolph",29,109,104,111,104,2852,2859,2,0,2,7
"41400173","POR","CJ McCollum, Damian Lillard, LaMarcus Aldridge, Nicolas Batum, Steve Blake",29,106,115,109,115,2875,2880,3,0,3,5
"41400173","MEM","Courtney Lee, Marc Gasol, Nick Calathes, Tony Allen, Zach Randolph",30,111,104,115,109,2859,2880,4,5,-1,21
"41400174","MEM","Courtney Lee, Marc Gasol, Nick Calathes, Tony Allen, Zach Randolph",0,0,0,14,10,0,461,14,10,4,461
"41400174","POR","Arron Afflalo, Damian Lillard, LaMarcus Aldridge, Nicolas Batum, Robin Lopez",0,0,0,10,14,0,461,10,14,-4,461
"41400174","MEM","Beno Udrih, Courtney Lee, Marc Gasol, Nick Calathes, Zach Randolph",1,14,10,14,10,461,461,0,0,0,0
"41400174","POR","Arron Afflalo, CJ McCollum, Damian Lillard, LaMarcus Aldridge, Nicolas Batum",1,10,14,10,14,461,461,0,0,0,0
"41400174","MEM","Beno Udrih, Courtney Lee, Jeff Green, Marc Gasol, Zach Randolph",2,14,10,16,17,461,597,2,7,-5,136
"41400174","POR","CJ McCollum, Damian Lillard, LaMarcus Aldridge, Meyers Leonard, Nicolas Batum",2,10,14,17,16,461,597,7,2,5,136
"41400174","MEM","Beno Udrih, Courtney Lee, Jeff Green, Kosta Koufos, Marc Gasol",3,16,17,22,27,597,720,6,10,-4,123
"41400174","POR","CJ McCollum, Damian Lillard, Meyers Leonard, Nicolas Batum, Robin Lopez",3,17,16,27,22,597,720,10,6,4,123
"41400174","MEM","Beno Udrih, Jeff Green, Kosta Koufos, Tony Allen, Vince Carter",4,22,27,30,35,720,990,8,8,0,270
"41400174","POR","Arron Afflalo, CJ McCollum, Damian Lillard, LaMarcus Aldridge, Meyers Leonard",4,27,22,27,24,720,777,0,2,-2,57
"41400174","MEM","Beno Udrih, Jeff Green, Tony Allen, Vince Carter, Zach Randolph",5,30,35,30,35,990,990,0,0,0,0
"41400174","POR","Arron Afflalo, CJ McCollum, LaMarcus Aldridge, Meyers Leonard, Steve Blake",5,27,24,37,35,777,1070,10,11,-1,293
"41400174","MEM","Beno Udrih, Marc Gasol, Tony Allen, Vince Carter, Zach Randolph",6,30,35,35,37,990,1070,5,2,3,80
"41400174","POR","CJ McCollum, LaMarcus Aldridge, Meyers Leonard, Nicolas Batum, Steve Blake",6,37,35,39,35,1070,1132,2,0,2,62
"41400174","MEM","Beno Udrih, Jeff Green, Marc Gasol, Tony Allen, Zach Randolph",7,35,37,35,39,1070,1132,0,2,-2,62
"41400174","POR","CJ McCollum, Damian Lillard, LaMarcus Aldridge, Meyers Leonard, Nicolas Batum",7,39,35,55,48,1132,1440,16,13,3,308
"41400174","MEM","Jeff Green, Marc Gasol, Nick Calathes, Tony Allen, Zach Randolph",8,35,39,37,41,1132,1236,2,2,0,104
"41400174","POR","Arron Afflalo, Damian Lillard, LaMarcus Aldridge, Nicolas Batum, Robin Lopez",8,55,48,57,62,1440,1758,2,14,-12,318
"41400174","MEM","Courtney Lee, Jeff Green, Marc Gasol, Nick Calathes, Zach Randolph",9,37,41,40,47,1236,1301,3,6,-3,65
"41400174","POR","Arron Afflalo, Damian Lillard, LaMarcus Aldridge, Meyers Leonard, Nicolas Batum",9,57,62,57,62,1758,1758,0,0,0,0
"41400174","MEM","Beno Udrih, Courtney Lee, Jeff Green, Marc Gasol, Zach Randolph",10,40,47,40,47,1301,1301,0,0,0,0
"41400174","POR","CJ McCollum, Damian Lillard, LaMarcus Aldridge, Meyers Leonard, Nicolas Batum",10,57,62,64,69,1758,1985,7,7,0,227
"41400174","MEM","Beno Udrih, Courtney Lee, Marc Gasol, Tony Allen, Zach Randolph",11,40,47,48,55,1301,1440,8,8,0,139
"41400174","POR","CJ McCollum, Damian Lillard, Meyers Leonard, Nicolas Batum, Robin Lopez",11,64,69,68,75,1985,2160,4,6,-2,175
"41400174","MEM","Courtney Lee, Marc Gasol, Nick Calathes, Tony Allen, Zach Randolph",12,48,55,69,64,1440,1985,21,9,12,545
"41400174","POR","CJ McCollum, Meyers Leonard, Nicolas Batum, Robin Lopez, Steve Blake",12,68,75,70,80,2160,2352,2,5,-3,192
"41400174","MEM","Courtney Lee, Jeff Green, Marc Gasol, Tony Allen, Zach Randolph",13,69,64,69,64,1985,1985,0,0,0,0
"41400174","POR","CJ McCollum, Damian Lillard, Meyers Leonard, Nicolas Batum, Robin Lopez",13,70,80,70,80,2352,2352,0,0,0,0
"41400174","MEM","Beno Udrih, Courtney Lee, Jeff Green, Marc Gasol, Zach Randolph",14,69,64,75,68,1985,2160,6,4,2,175
"41400174","POR","CJ McCollum, Damian Lillard, LaMarcus Aldridge, Meyers Leonard, Nicolas Batum",14,70,80,97,92,2352,2880,27,12,15,528
"41400174","MEM","Beno Udrih, Courtney Lee, Jeff Green, Kosta Koufos, Marc Gasol",15,75,68,80,70,2160,2352,5,2,3,192
"41400174","MEM","Beno Udrih, Jeff Green, Jon Leuer, Kosta Koufos, Marc Gasol",16,80,70,80,70,2352,2352,0,0,0,0
"41400174","MEM","Beno Udrih, Jeff Green, Jon Leuer, Kosta Koufos, Vince Carter",17,80,70,80,76,2352,2490,0,6,-6,138
"41400174","MEM","Beno Udrih, Jon Leuer, Kosta Koufos, Vince Carter, Zach Randolph",18,80,76,80,76,2490,2490,0,0,0,0
"41400174","MEM","Beno Udrih, Jon Leuer, Tony Allen, Vince Carter, Zach Randolph",19,80,76,80,76,2490,2490,0,0,0,0
"41400174","MEM","Beno Udrih, Jon Leuer, Marc Gasol, Tony Allen, Zach Randolph",20,80,76,80,76,2490,2490,0,0,0,0
"41400174","MEM","Beno Udrih, Courtney Lee, Marc Gasol, Tony Allen, Zach Randolph",21,80,76,82,82,2490,2603,2,6,-4,113
"41400174","MEM","Courtney Lee, Marc Gasol, Nick Calathes, Tony Allen, Zach Randolph",22,82,82,88,91,2603,2810,6,9,-3,207
"41400174","MEM","Courtney Lee, Jeff Green, Marc Gasol, Nick Calathes, Zach Randolph",23,88,91,90,94,2810,2865,2,3,-1,55
"41400174","MEM","Courtney Lee, Jeff Green, Marc Gasol, Vince Carter, Zach Randolph",24,90,94,92,97,2865,2880,2,3,-1,15
"41400175","MEM","Courtney Lee, Marc Gasol, Nick Calathes, Tony Allen, Zach Randolph",0,0,0,18,8,0,450,18,8,10,450
"41400175","POR","Arron Afflalo, Damian Lillard, LaMarcus Aldridge, Nicolas Batum, Robin Lopez",0,0,0,6,15,0,322,6,15,-9,322
"41400175","MEM","Beno Udrih, Courtney Lee, Marc Gasol, Tony Allen, Zach Randolph",1,18,8,18,10,450,478,0,2,-2,28
"41400175","POR","Damian Lillard, LaMarcus Aldridge, Meyers Leonard, Nicolas Batum, Robin Lopez",1,6,15,6,15,322,322,0,0,0,0
"41400175","MEM","Beno Udrih, Courtney Lee, Jeff Green, Marc Gasol, Zach Randolph",2,18,10,20,17,478,638,2,7,-5,160
"41400175","POR","CJ McCollum, Damian Lillard, LaMarcus Aldridge, Meyers Leonard, Nicolas Batum",2,6,15,13,18,322,528,7,3,4,206
"41400175","MEM","Beno Udrih, Courtney Lee, Jeff Green, Marc Gasol, Vince Carter",3,20,17,20,20,638,720,0,3,-3,82
"41400175","POR","CJ McCollum, Damian Lillard, Meyers Leonard, Nicolas Batum, Robin Lopez",3,13,18,18,20,528,651,5,2,3,123
"41400175","MEM","Beno Udrih, Jeff Green, Kosta Koufos, Tony Allen, Vince Carter",4,20,20,24,25,720,849,4,5,-1,129
"41400175","POR","CJ McCollum, Meyers Leonard, Nicolas Batum, Robin Lopez, Steve Blake",4,18,20,20,20,651,720,2,0,2,69
"41400175","MEM","Jeff Green, Kosta Koufos, Nick Calathes, Tony Allen, Vince Carter",5,24,25,24,25,849,849,0,0,0,0
"41400175","POR","Arron Afflalo, Chris Kaman, CJ McCollum, LaMarcus Aldridge, Steve Blake",5,20,20,28,29,720,1002,8,9,-1,282
"41400175","MEM","Kosta Koufos, Nick Calathes, Tony Allen, Vince Carter, Zach Randolph",6,24,25,31,30,849,1067,7,5,2,218
"41400175","POR","Arron Afflalo, Chris Kaman, CJ McCollum, LaMarcus Aldridge, Nicolas Batum",6,28,29,28,29,1002,1002,0,0,0,0
"41400175","MEM","Courtney Lee, Kosta Koufos, Nick Calathes, Vince Carter, Zach Randolph",7,31,30,32,33,1067,1141,1,3,-2,74
"41400175","POR","Arron Afflalo, Chris Kaman, Damian Lillard, LaMarcus Aldridge, Nicolas Batum",7,28,29,30,29,1002,1047,2,0,2,45
"41400175","MEM","Courtney Lee, Marc Gasol, Nick Calathes, Vince Carter, Zach Randolph",8,32,33,38,35,1141,1272,6,2,4,131
"41400175","POR","Arron Afflalo, Damian Lillard, LaMarcus Aldridge, Meyers Leonard, Nicolas Batum",8,30,29,33,32,1047,1141,3,3,0,94
"41400175","MEM","Courtney Lee, Jeff Green, Marc Gasol, Vince Carter, Zach Randolph",9,38,35,46,39,1272,1437,8,4,4,165
"41400175","POR","CJ McCollum, Damian Lillard, LaMarcus Aldridge, Meyers Leonard, Nicolas Batum",9,33,32,39,44,1141,1435,6,12,-6,294
"41400175","MEM","Courtney Lee, Jeff Green, Marc Gasol, Tony Allen, Vince Carter",10,46,39,46,39,1437,1440,0,0,0,3
"41400175","POR","CJ McCollum, Damian Lillard, LaMarcus Aldridge, Nicolas Batum, Robin Lopez",10,39,44,39,46,1435,1437,0,2,-2,2
"41400175","MEM","Courtney Lee, Marc Gasol, Nick Calathes, Tony Allen, Zach Randolph",11,46,39,58,54,1440,1821,12,15,-3,381
"41400175","POR","CJ McCollum, Damian Lillard, LaMarcus Aldridge, Meyers Leonard, Nicolas Batum",11,39,46,39,46,1437,1440,0,0,0,3
"41400175","MEM","Beno Udrih, Courtney Lee, Marc Gasol, Tony Allen, Zach Randolph",12,58,54,62,62,1821,2026,4,8,-4,205
"41400175","POR","Arron Afflalo, Damian Lillard, LaMarcus Aldridge, Nicolas Batum, Robin Lopez",12,39,46,39,52,1440,1549,0,6,-6,109
"41400175","MEM","Beno Udrih, Courtney Lee, Jeff Green, Marc Gasol, Tony Allen",13,62,62,68,66,2026,2160,6,4,2,134
"41400175","POR","Arron Afflalo, Damian Lillard, LaMarcus Aldridge, Meyers Leonard, Nicolas Batum",13,39,52,39,52,1549,1549,0,0,0,0
"41400175","MEM","Beno Udrih, Jeff Green, Marc Gasol, Tony Allen, Vince Carter",14,68,66,72,72,2160,2340,4,6,-2,180
"41400175","POR","CJ McCollum, Damian Lillard, LaMarcus Aldridge, Meyers Leonard, Nicolas Batum",14,39,52,62,64,1549,2087,23,12,11,538
"41400175","MEM","Jeff Green, Marc Gasol, Nick Calathes, Tony Allen, Vince Carter",15,72,72,72,72,2340,2340,0,0,0,0
"41400175","POR","CJ McCollum, Damian Lillard, Meyers Leonard, Nicolas Batum, Robin Lopez",15,62,64,72,72,2087,2340,10,8,2,253
"41400175","MEM","Jeff Green, Nick Calathes, Tony Allen, Vince Carter, Zach Randolph",16,72,72,74,72,2340,2402,2,0,2,62
"41400175","POR","CJ McCollum, Damian Lillard, LaMarcus Aldridge, Nicolas Batum, Robin Lopez",16,72,72,75,78,2340,2544,3,6,-3,204
"41400175","MEM","Jeff Green, Kosta Koufos, Nick Calathes, Vince Carter, Zach Randolph",17,74,72,78,75,2402,2544,4,3,1,142
"41400175","POR","CJ McCollum, Damian Lillard, LaMarcus Aldridge, Meyers Leonard, Nicolas Batum",17,75,78,87,94,2544,2848,12,16,-4,304
"41400175","MEM","Jeff Green, Marc Gasol, Nick Calathes, Vince Carter, Zach Randolph",18,78,75,80,75,2544,2619,2,0,2,75
"41400175","POR","CJ McCollum, Damian Lillard, LaMarcus Aldridge, Nicolas Batum, Steve Blake",18,87,94,87,95,2848,2849,0,1,-1,1
"41400175","MEM","Courtney Lee, Jeff Green, Marc Gasol, Nick Calathes, Zach Randolph",19,80,75,89,81,2619,2812,9,6,3,193
"41400175","POR","CJ McCollum, Damian Lillard, Meyers Leonard, Nicolas Batum, Steve Blake",19,87,95,90,97,2849,2856,3,2,1,7
"41400175","MEM","Courtney Lee, Jeff Green, Marc Gasol, Tony Allen, Zach Randolph",20,89,81,93,85,2812,2844,4,4,0,32
"41400175","POR","CJ McCollum, Damian Lillard, Nicolas Batum, Steve Blake, Tim Frazier",20,90,97,93,99,2856,2880,3,2,1,24
"41400175","MEM","Courtney Lee, Jeff Green, Marc Gasol, Vince Carter, Zach Randolph",21,93,85,94,85,2844,2844,1,0,1,0
"41400175","MEM","Courtney Lee, Jeff Green, Marc Gasol, Tony Allen, Zach Randolph",22,94,85,94,87,2844,2848,0,2,-2,4
"41400175","MEM","Courtney Lee, Jeff Green, Marc Gasol, Vince Carter, Zach Randolph",23,94,87,95,87,2848,2849,1,0,1,1
"41400175","MEM","Courtney Lee, Jeff Green, Marc Gasol, Tony Allen, Vince Carter",24,95,87,99,93,2849,2880,4,6,-2,31
"41400201","ATL","Al Horford, DeMarre Carroll, Jeff Teague, Kyle Korver, Paul Millsap",0,0,0,16,9,0,308,16,9,7,308
"41400201","WAS","Bradley Beal, John Wall, Marcin Gortat, Nene, Paul Pierce",0,0,0,12,20,0,379,12,20,-8,379
"41400201","ATL","Al Horford, DeMarre Carroll, Jeff Teague, Kyle Korver, Pero Antic",1,16,9,20,12,308,379,4,3,1,71
"41400201","WAS","Bradley Beal, Drew Gooden, John Wall, Marcin Gortat, Paul Pierce",1,12,20,12,20,379,379,0,0,0,0
"41400201","ATL","DeMarre Carroll, Jeff Teague, Kyle Korver, Paul Millsap, Pero Antic",2,20,12,20,12,379,379,0,0,0,0
"41400201","WAS","Bradley Beal, Drew Gooden, John Wall, Marcin Gortat, Otto Porter Jr.",2,12,20,24,33,379,653,12,13,-1,274
"41400201","ATL","DeMarre Carroll, Jeff Teague, Kent Bazemore, Paul Millsap, Pero Antic",3,20,12,20,20,379,470,0,8,-8,91
"41400201","WAS","Drew Gooden, John Wall, Marcin Gortat, Otto Porter Jr., Ramon Sessions",3,24,33,26,37,653,720,2,4,-2,67
"41400201","ATL","DeMarre Carroll, Dennis Schroder, Kent Bazemore, Paul Millsap, Pero Antic",4,20,20,33,24,470,653,13,4,9,183
"41400201","WAS","Bradley Beal, Drew Gooden, Nene, Otto Porter Jr., Ramon Sessions",4,26,37,34,41,720,940,8,4,4,220
"41400201","ATL","Al Horford, Dennis Schroder, Kent Bazemore, Paul Millsap, Pero Antic",5,33,24,33,24,653,653,0,0,0,0
"41400201","WAS","Bradley Beal, Nene, Otto Porter Jr., Paul Pierce, Ramon Sessions",5,34,41,36,41,940,1038,2,0,2,98
"41400201","ATL","Al Horford, Dennis Schroder, Kent Bazemore, Kyle Korver, Pero Antic",6,33,24,39,30,653,819,6,6,0,166
"41400201","WAS","Bradley Beal, John Wall, Nene, Otto Porter Jr., Paul Pierce",6,36,41,36,41,1038,1062,0,0,0,24
"41400201","ATL","Al Horford, Dennis Schroder, Kyle Korver, Mike Scott, Pero Antic",7,39,30,39,30,819,819,0,0,0,0
"41400201","WAS","Bradley Beal, John Wall, Marcin Gortat, Otto Porter Jr., Paul Pierce",7,36,41,53,63,1062,1436,17,22,-5,374
"41400201","ATL","Al Horford, Dennis Schroder, Kyle Korver, Mike Scott, Shelvin Mack",8,39,30,41,34,819,940,2,4,-2,121
"41400201","WAS","Bradley Beal, Drew Gooden, John Wall, Marcin Gortat, Otto Porter Jr.",8,53,63,53,63,1436,1436,0,0,0,0
"41400201","ATL","Dennis Schroder, Jeff Teague, Kyle Korver, Mike Scott, Shelvin Mack",9,41,34,41,34,940,940,0,0,0,0
"41400201","WAS","Bradley Beal, Drew Gooden, John Wall, Marcin Gortat, Ramon Sessions",9,53,63,53,63,1436,1440,0,0,0,4
"41400201","ATL","Jeff Teague, Kyle Korver, Mike Scott, Paul Millsap, Shelvin Mack",10,41,34,41,34,940,940,0,0,0,0
"41400201","WAS","Bradley Beal, John Wall, Marcin Gortat, Nene, Paul Pierce",10,53,63,61,72,1440,1764,8,9,-1,324
"41400201","ATL","DeMarre Carroll, Jeff Teague, Kyle Korver, Mike Scott, Paul Millsap",11,41,34,54,46,940,1268,13,12,1,328
"41400201","WAS","Bradley Beal, Drew Gooden, John Wall, Marcin Gortat, Paul Pierce",11,61,72,68,75,1764,1882,7,3,4,118
"41400201","ATL","Al Horford, DeMarre Carroll, Jeff Teague, Mike Scott, Paul Millsap",12,54,46,54,46,1268,1268,0,0,0,0
"41400201","WAS","Bradley Beal, Drew Gooden, John Wall, Marcin Gortat, Otto Porter Jr.",12,68,75,76,78,1882,2006,8,3,5,124
"41400201","ATL","Al Horford, DeMarre Carroll, Jeff Teague, Kent Bazemore, Paul Millsap",13,54,46,63,53,1268,1436,9,7,2,168
"41400201","WAS","Drew Gooden, John Wall, Marcin Gortat, Otto Porter Jr., Ramon Sessions",13,76,78,76,78,2006,2046,0,0,0,40
"41400201","ATL","Al Horford, DeMarre Carroll, Jeff Teague, Kyle Korver, Paul Millsap",14,63,53,75,66,1436,1852,12,13,-1,416
"41400201","WAS","John Wall, Kevin Seraphin, Marcin Gortat, Otto Porter Jr., Ramon Sessions",14,76,78,81,83,2046,2160,5,5,0,114
"41400201","ATL","Al Horford, DeMarre Carroll, Jeff Teague, Kent Bazemore, Paul Millsap",15,75,66,75,66,1852,1852,0,0,0,0
"41400201","WAS","Bradley Beal, Kevin Seraphin, Marcin Gortat, Otto Porter Jr., Ramon Sessions",15,81,83,85,83,2160,2320,4,0,4,160
"41400201","ATL","DeMarre Carroll, Jeff Teague, Kent Bazemore, Paul Millsap, Pero Antic",16,75,66,75,71,1852,1941,0,5,-5,89
"41400201","WAS","Bradley Beal, Kevin Seraphin, Otto Porter Jr., Paul Pierce, Ramon Sessions",16,85,83,87,83,2320,2392,2,0,2,72
"41400201","ATL","DeMarre Carroll, Dennis Schroder, Kent Bazemore, Paul Millsap, Pero Antic",17,75,71,78,76,1941,2036,3,5,-2,95
"41400201","WAS","John Wall, Kevin Seraphin, Otto Porter Jr., Paul Pierce, Ramon Sessions",17,87,83,93,91,2392,2606,6,8,-2,214
"41400201","ATL","Al Horford, DeMarre Carroll, Dennis Schroder, Kent Bazemore, Pero Antic",18,78,76,78,76,2036,2036,0,0,0,0
"41400201","WAS","John Wall, Marcin Gortat, Otto Porter Jr., Paul Pierce, Ramon Sessions",18,93,91,95,91,2606,2650,2,0,2,44
"41400201","ATL","Al Horford, Dennis Schroder, Kent Bazemore, Kyle Korver, Pero Antic",19,78,76,83,83,2036,2228,5,7,-2,192
"41400201","WAS","Bradley Beal, John Wall, Marcin Gortat, Otto Porter Jr., Paul Pierce",19,95,91,102,96,2650,2866,7,5,2,216
"41400201","ATL","Dennis Schroder, Kent Bazemore, Kyle Korver, Paul Millsap, Pero Antic",20,83,83,83,85,2228,2320,0,2,-2,92
"41400201","WAS","John Wall, Marcin Gortat, Otto Porter Jr., Paul Pierce, Ramon Sessions",20,102,96,104,98,2866,2880,2,2,0,14
"41400201","ATL","Jeff Teague, Kent Bazemore, Kyle Korver, Paul Millsap, Pero Antic",21,83,85,83,87,2320,2333,0,2,-2,13
"41400201","ATL","DeMarre Carroll, Jeff Teague, Kyle Korver, Paul Millsap, Pero Antic",22,83,87,83,87,2333,2377,0,0,0,44
"41400201","ATL","Al Horford, DeMarre Carroll, Jeff Teague, Kyle Korver, Paul Millsap",23,83,87,90,93,2377,2574,7,6,1,197
"41400201","ATL","DeMarre Carroll, Jeff Teague, Kyle Korver, Paul Millsap, Pero Antic",24,90,93,91,98,2574,2701,1,5,-4,127
"41400201","ATL","Al Horford, DeMarre Carroll, Jeff Teague, Kyle Korver, Paul Millsap",25,91,98,98,104,2701,2880,7,6,1,179
"41400202","ATL","Al Horford, DeMarre Carroll, Jeff Teague, Kyle Korver, Paul Millsap",0,0,0,13,7,0,356,13,7,6,356
"41400202","WAS","Bradley Beal, Marcin Gortat, Nene, Paul Pierce, Ramon Sessions",0,0,0,13,21,0,494,13,21,-8,494
"41400202","ATL","DeMarre Carroll, Jeff Teague, Kyle Korver, Paul Millsap, Pero Antic",1,13,7,13,7,356,356,0,0,0,0
"41400202","WAS","Bradley Beal, Drew Gooden, Marcin Gortat, Paul Pierce, Ramon Sessions",1,13,21,15,23,494,546,2,2,0,52
"41400202","ATL","Jeff Teague, Kent Bazemore, Kyle Korver, Paul Millsap, Pero Antic",2,13,7,21,13,356,494,8,6,2,138
"41400202","WAS","Bradley Beal, Drew Gooden, Marcin Gortat, Otto Porter Jr., Ramon Sessions",2,15,23,15,23,546,546,0,0,0,0
"41400202","ATL","Dennis Schroder, Kent Bazemore, Kyle Korver, Paul Millsap, Pero Antic",3,21,13,23,15,494,546,2,2,0,52
"41400202","WAS","Drew Gooden, Garrett Temple, Marcin Gortat, Otto Porter Jr., Ramon Sessions",3,15,23,20,28,546,720,5,5,0,174
"41400202","ATL","Al Horford, Dennis Schroder, Kent Bazemore, Kyle Korver, Pero Antic",4,23,15,26,18,546,656,3,3,0,110
"41400202","WAS","Bradley Beal, Drew Gooden, Garrett Temple, Nene, Otto Porter Jr.",4,20,28,24,32,720,908,4,4,0,188
"41400202","ATL","Al Horford, DeMarre Carroll, Dennis Schroder, Kent Bazemore, Pero Antic",5,26,18,26,18,656,657,0,0,0,1
"41400202","WAS","Bradley Beal, Garrett Temple, Nene, Otto Porter Jr., Paul Pierce",5,24,32,31,41,908,1098,7,9,-2,190
"41400202","ATL","Al Horford, DeMarre Carroll, Dennis Schroder, Kent Bazemore, Mike Muscala",6,26,18,32,24,657,874,6,6,0,217
"41400202","WAS","Bradley Beal, Garrett Temple, Marcin Gortat, Otto Porter Jr., Paul Pierce",6,31,41,31,41,1098,1098,0,0,0,0
"41400202","ATL","Al Horford, DeMarre Carroll, Dennis Schroder, Kyle Korver, Mike Muscala",7,32,24,32,24,874,908,0,0,0,34
"41400202","WAS","Bradley Beal, Marcin Gortat, Otto Porter Jr., Paul Pierce, Ramon Sessions",7,31,41,46,51,1098,1382,15,10,5,284
"41400202","ATL","Al Horford, DeMarre Carroll, Jeff Teague, Kyle Korver, Mike Muscala",8,32,24,32,24,908,908,0,0,0,0
"41400202","WAS","Bradley Beal, Kevin Seraphin, Otto Porter Jr., Paul Pierce, Ramon Sessions",8,46,51,46,53,1382,1408,0,2,-2,26
"41400202","ATL","Al Horford, DeMarre Carroll, Jeff Teague, Kyle Korver, Paul Millsap",9,32,24,41,31,908,1098,9,7,2,190
"41400202","WAS","Bradley Beal, Drew Gooden, Kevin Seraphin, Otto Porter Jr., Ramon Sessions",9,46,53,46,53,1408,1440,0,0,0,32
"41400202","ATL","DeMarre Carroll, Jeff Teague, Kyle Korver, Paul Millsap, Pero Antic",10,41,31,43,37,1098,1229,2,6,-4,131
"41400202","WAS","Bradley Beal, Marcin Gortat, Nene, Paul Pierce, Ramon Sessions",10,46,53,61,65,1440,1801,15,12,3,361
"41400202","ATL","Al Horford, DeMarre Carroll, Jeff Teague, Kyle Korver, Paul Millsap",11,43,37,65,61,1229,1801,22,24,-2,572
"41400202","WAS","Bradley Beal, Drew Gooden, Marcin Gortat, Paul Pierce, Ramon Sessions",11,61,65,63,68,1801,1915,2,3,-1,114
"41400202","ATL","DeMarre Carroll, Jeff Teague, Kyle Korver, Paul Millsap, Pero Antic",12,65,61,65,61,1801,1801,0,0,0,0
"41400202","WAS","Bradley Beal, Drew Gooden, Marcin Gortat, Otto Porter Jr., Ramon Sessions",12,63,68,71,73,1915,2034,8,5,3,119
"41400202","ATL","DeMarre Carroll, Jeff Teague, Kent Bazemore, Paul Millsap, Pero Antic",13,65,61,68,66,1801,1928,3,5,-2,127
"41400202","WAS","Drew Gooden, Garrett Temple, Marcin Gortat, Otto Porter Jr., Ramon Sessions",13,71,73,71,73,2034,2034,0,0,0,0
"41400202","ATL","DeMarre Carroll, Dennis Schroder, Kent Bazemore, Paul Millsap, Pero Antic",14,68,66,69,68,1928,1966,1,2,-1,38
"41400202","WAS","Drew Gooden, Garrett Temple, Nene, Otto Porter Jr., Ramon Sessions",14,71,73,75,80,2034,2160,4,7,-3,126
"41400202","ATL","DeMarre Carroll, Dennis Schroder, Kyle Korver, Paul Millsap, Pero Antic",15,69,68,73,71,1966,2034,4,3,1,68
"41400202","WAS","Bradley Beal, Drew Gooden, Garrett Temple, Nene, Otto Porter Jr.",15,75,80,75,84,2160,2285,0,4,-4,125
"41400202","ATL","Dennis Schroder, Kent Bazemore, Kyle Korver, Paul Millsap, Pero Antic",16,73,71,76,73,2034,2095,3,2,1,61
"41400202","WAS","Bradley Beal, Drew Gooden, Garrett Temple, Otto Porter Jr., Paul Pierce",16,75,84,75,84,2285,2285,0,0,0,0
"41400202","ATL","Al Horford, Dennis Schroder, Kent Bazemore, Kyle Korver, Pero Antic",17,76,73,84,78,2095,2321,8,5,3,226
"41400202","WAS","Bradley Beal, Garrett Temple, Otto Porter Jr., Paul Pierce, Ramon Sessions",17,75,84,75,84,2285,2285,0,0,0,0
"41400202","ATL","Al Horford, Dennis Schroder, Kent Bazemore, Paul Millsap, Pero Antic",18,84,78,84,78,2321,2321,0,0,0,0
"41400202","WAS","Bradley Beal, Marcin Gortat, Otto Porter Jr., Paul Pierce, Ramon Sessions",18,75,84,83,95,2285,2614,8,11,-3,329
"41400202","ATL","Al Horford, DeMarre Carroll, Dennis Schroder, Kent Bazemore, Paul Millsap",19,84,78,86,81,2321,2400,2,3,-1,79
"41400202","WAS","Bradley Beal, Nene, Otto Porter Jr., Paul Pierce, Ramon Sessions",19,83,95,88,100,2614,2770,5,5,0,156
"41400202","ATL","Al Horford, DeMarre Carroll, Jeff Teague, Kent Bazemore, Paul Millsap",20,86,81,86,81,2400,2400,0,0,0,0
"41400202","WAS","Bradley Beal, Drew Gooden, Otto Porter Jr., Paul Pierce, Ramon Sessions",20,88,100,90,106,2770,2880,2,6,-4,110
"41400202","ATL","Al Horford, DeMarre Carroll, Jeff Teague, Kyle Korver, Paul Millsap",21,86,81,88,82,2400,2484,2,1,1,84
"41400202","ATL","DeMarre Carroll, Jeff Teague, Kyle Korver, Paul Millsap, Pero Antic",22,88,82,98,88,2484,2710,10,6,4,226
"41400202","ATL","Al Horford, DeMarre Carroll, Jeff Teague, Kyle Korver, Paul Millsap",23,98,88,102,90,2710,2810,4,2,2,100
"41400202","ATL","Al Horford, DeMarre Carroll, Dennis Schroder, Jeff Teague, Paul Millsap",24,102,90,102,90,2810,2821,0,0,0,11
"41400202","ATL","Al Horford, DeMarre Carroll, Jeff Teague, Kyle Korver, Paul Millsap",25,102,90,106,90,2821,2880,4,0,4,59
"41400203","ATL","Al Horford, DeMarre Carroll, Jeff Teague, Kyle Korver, Pero Antic",0,0,0,4,11,0,291,4,11,-7,291
"41400203","WAS","Bradley Beal, Marcin Gortat, Nene, Paul Pierce, Ramon Sessions",0,0,0,3,4,0,145,3,4,-1,145
"41400203","ATL","Al Horford, DeMarre Carroll, Jeff Teague, Kyle Korver, Paul Millsap",1,4,11,14,17,291,488,10,6,4,197
"41400203","WAS","Bradley Beal, Marcin Gortat, Nene, Otto Porter Jr., Ramon Sessions",1,3,4,17,14,145,488,14,10,4,343
"41400203","ATL","Al Horford, Jeff Teague, Kyle Korver, Mike Muscala, Paul Millsap",2,14,17,14,17,488,488,0,0,0,0
"41400203","WAS","Bradley Beal, Marcin Gortat, Otto Porter Jr., Paul Pierce, Ramon Sessions",2,17,14,20,14,488,526,3,0,3,38
"41400203","ATL","Jeff Teague, Kent Bazemore, Kyle Korver, Mike Muscala, Paul Millsap",3,14,17,14,17,488,488,0,0,0,0
"41400203","WAS","Garrett Temple, Marcin Gortat, Otto Porter Jr., Paul Pierce, Ramon Sessions",3,20,14,28,18,526,720,8,4,4,194
"41400203","ATL","Dennis Schroder, Kent Bazemore, Kyle Korver, Mike Muscala, Paul Millsap",4,14,17,16,26,488,631,2,9,-7,143
"41400203","WAS","Bradley Beal, Marcin Gortat, Otto Porter Jr., Paul Pierce, Will Bynum",4,28,18,30,18,720,771,2,0,2,51
"41400203","ATL","Al Horford, Dennis Schroder, Kent Bazemore, Kyle Korver, Paul Millsap",5,16,26,16,26,631,631,0,0,0,0
"41400203","WAS","Bradley Beal, Nene, Otto Porter Jr., Paul Pierce, Will Bynum",5,30,18,30,20,771,943,0,2,-2,172
"41400203","ATL","Al Horford, DeMarre Carroll, Dennis Schroder, Kent Bazemore, Paul Millsap",6,16,26,18,28,631,692,2,2,0,61
"41400203","WAS","Bradley Beal, Drew Gooden, Nene, Otto Porter Jr., Will Bynum",6,30,20,40,27,943,1073,10,7,3,130
"41400203","ATL","Al Horford, DeMarre Carroll, Jeff Teague, Kent Bazemore, Paul Millsap",7,18,28,18,28,692,720,0,0,0,28
"41400203","WAS","Bradley Beal, Drew Gooden, Nene, Otto Porter Jr., Ramon Sessions",7,40,27,40,31,1073,1154,0,4,-4,81
"41400203","ATL","Al Horford, DeMarre Carroll, Jeff Teague, Kyle Korver, Pero Antic",8,18,28,20,30,720,920,2,2,0,200
"41400203","WAS","Bradley Beal, Drew Gooden, Marcin Gortat, Otto Porter Jr., Ramon Sessions",8,40,31,49,35,1154,1250,9,4,5,96
"41400203","ATL","Al Horford, DeMarre Carroll, Jeff Teague, Kyle Korver, Paul Millsap",9,20,30,24,34,920,1027,4,4,0,107
"41400203","WAS","Bradley Beal, Marcin Gortat, Otto Porter Jr., Paul Pierce, Ramon Sessions",9,49,35,56,40,1250,1376,7,5,2,126
"41400203","ATL","DeMarre Carroll, Jeff Teague, Kyle Korver, Mike Scott, Paul Millsap",10,24,34,27,37,1027,1057,3,3,0,30
"41400203","WAS","Bradley Beal, Marcin Gortat, Nene, Otto Porter Jr., Ramon Sessions",10,56,40,56,43,1376,1440,0,3,-3,64
"41400203","ATL","Jeff Teague, Kent Bazemore, Kyle Korver, Mike Scott, Paul Millsap",11,27,37,31,40,1057,1154,4,3,1,97
"41400203","WAS","Bradley Beal, Marcin Gortat, Nene, Paul Pierce, Ramon Sessions",11,56,43,70,58,1440,1769,14,15,-1,329
"41400203","ATL","DeMarre Carroll, Jeff Teague, Kent Bazemore, Mike Scott, Paul Millsap",12,31,40,31,40,1154,1154,0,0,0,0
"41400203","WAS","Bradley Beal, Marcin Gortat, Nene, Otto Porter Jr., Ramon Sessions",12,70,58,72,59,1769,1844,2,1,1,75
"41400203","ATL","Al Horford, DeMarre Carroll, Jeff Teague, Kent Bazemore, Mike Scott",13,31,40,31,46,1154,1209,0,6,-6,55
"41400203","WAS","Bradley Beal, Drew Gooden, Marcin Gortat, Otto Porter Jr., Ramon Sessions",13,72,59,80,65,1844,2043,8,6,2,199
"41400203","ATL","Al Horford, DeMarre Carroll, Dennis Schroder, Kent Bazemore, Mike Scott",14,31,46,31,49,1209,1220,0,3,-3,11
"41400203","WAS","Drew Gooden, Garrett Temple, Marcin Gortat, Otto Porter Jr., Ramon Sessions",14,80,65,83,66,2043,2108,3,1,2,65
"41400203","ATL","Al Horford, DeMarre Carroll, Dennis Schroder, Kyle Korver, Mike Scott",15,31,49,35,49,1220,1250,4,0,4,30
"41400203","WAS","Drew Gooden, Garrett Temple, Marcin Gortat, Otto Porter Jr., Will Bynum",15,83,66,85,68,2108,2212,2,2,0,104
"41400203","ATL","Al Horford, DeMarre Carroll, Dennis Schroder, Kyle Korver, Paul Millsap",16,35,49,36,51,1250,1284,1,2,-1,34
"41400203","WAS","Drew Gooden, Garrett Temple, Nene, Otto Porter Jr., Will Bynum",16,85,68,91,74,2212,2375,6,6,0,163
"41400203","ATL","Al Horford, DeMarre Carroll, Jeff Teague, Kyle Korver, Paul Millsap",17,36,51,53,65,1284,1682,17,14,3,398
"41400203","WAS","Bradley Beal, Drew Gooden, Nene, Otto Porter Jr., Will Bynum",17,91,74,92,74,2375,2392,1,0,1,17
"41400203","ATL","DeMarre Carroll, Jeff Teague, Kyle Korver, Paul Millsap, Pero Antic",18,53,65,53,65,1682,1700,0,0,0,18
"41400203","WAS","Bradley Beal, Nene, Otto Porter Jr., Paul Pierce, Will Bynum",18,92,74,94,81,2392,2509,2,7,-5,117
"41400203","ATL","Al Horford, DeMarre Carroll, Jeff Teague, Kyle Korver, Pero Antic",19,53,65,59,72,1700,1844,6,7,-1,144
"41400203","WAS","Bradley Beal, Nene, Otto Porter Jr., Paul Pierce, Ramon Sessions",19,94,81,94,86,2509,2658,0,5,-5,149
"41400203","ATL","Al Horford, DeMarre Carroll, Jeff Teague, Kent Bazemore, Pero Antic",20,59,72,59,72,1844,1844,0,0,0,0
"41400203","WAS","Bradley Beal, Marcin Gortat, Otto Porter Jr., Paul Pierce, Ramon Sessions",20,94,86,99,98,2658,2857,5,12,-7,199
"41400203","ATL","DeMarre Carroll, Jeff Teague, Kent Bazemore, Paul Millsap, Pero Antic",21,59,72,61,78,1844,1937,2,6,-4,93
"41400203","WAS","Bradley Beal, Marcin Gortat, Nene, Otto Porter Jr., Ramon Sessions",21,99,98,99,98,2857,2857,0,0,0,0
"41400203","ATL","DeMarre Carroll, Dennis Schroder, Kent Bazemore, Paul Millsap, Pero Antic",22,61,78,65,80,1937,2043,4,2,2,106
"41400203","WAS","Bradley Beal, Marcin Gortat, Otto Porter Jr., Paul Pierce, Ramon Sessions",22,99,98,99,98,2857,2857,0,0,0,0
"41400203","ATL","Dennis Schroder, Kent Bazemore, Kyle Korver, Paul Millsap, Pero Antic",23,65,80,66,83,2043,2108,1,3,-2,65
"41400203","WAS","Bradley Beal, Otto Porter Jr., Paul Pierce, Ramon Sessions, Will Bynum",23,99,98,101,98,2857,2858,2,0,2,1
"41400203","ATL","Al Horford, Dennis Schroder, Kent Bazemore, Kyle Korver, Paul Millsap",24,66,83,66,83,2108,2108,0,0,0,0
"41400203","WAS","Bradley Beal, Marcin Gortat, Otto Porter Jr., Ramon Sessions, Will Bynum",24,101,98,101,101,2858,2866,0,3,-3,8
"41400203","ATL","Al Horford, Dennis Schroder, Kent Bazemore, Kyle Korver, Mike Scott",25,66,83,66,85,2108,2160,0,2,-2,52
"41400203","WAS","Bradley Beal, Marcin Gortat, Paul Pierce, Ramon Sessions, Will Bynum",25,101,101,103,101,2866,2880,2,0,2,14
"41400203","ATL","Al Horford, Dennis Schroder, Jeff Teague, Kyle Korver, Mike Scott",26,66,85,68,85,2160,2212,2,0,2,52
"41400203","ATL","Dennis Schroder, Jeff Teague, Kyle Korver, Mike Muscala, Mike Scott",27,68,85,74,91,2212,2375,6,6,0,163
"41400203","ATL","Dennis Schroder, Jeff Teague, Kent Bazemore, Mike Muscala, Mike Scott",28,74,91,76,94,2375,2457,2,3,-1,82
"41400203","ATL","Jeff Teague, John Jenkins, Kent Bazemore, Mike Muscala, Mike Scott",29,76,94,76,94,2457,2457,0,0,0,0
"41400203","ATL","John Jenkins, Kent Bazemore, Mike Muscala, Mike Scott, Shelvin Mack",30,76,94,81,94,2457,2509,5,0,5,52
"41400203","ATL","Dennis Schroder, Kent Bazemore, Mike Muscala, Mike Scott, Shelvin Mack",31,81,94,86,94,2509,2658,5,0,5,149
"41400203","ATL","Dennis Schroder, Kyle Korver, Mike Muscala, Mike Scott, Shelvin Mack",32,86,94,98,99,2658,2857,12,5,7,199
"41400203","ATL","Dennis Schroder, Kent Bazemore, Kyle Korver, Mike Muscala, Mike Scott",33,98,99,98,99,2857,2857,0,0,0,0
"41400203","ATL","DeMarre Carroll, Dennis Schroder, Kent Bazemore, Kyle Korver, Mike Muscala",34,98,99,98,99,2857,2857,0,0,0,0
"41400203","ATL","DeMarre Carroll, Dennis Schroder, Kent Bazemore, Kyle Korver, Shelvin Mack",35,98,99,98,101,2857,2858,0,2,-2,1
"41400203","ATL","DeMarre Carroll, Dennis Schroder, Kyle Korver, Mike Scott, Shelvin Mack",36,98,101,98,101,2858,2858,0,0,0,0
"41400203","ATL","Dennis Schroder, Kyle Korver, Mike Muscala, Mike Scott, Shelvin Mack",37,98,101,101,101,2858,2866,3,0,3,8
"41400203","ATL","Dennis Schroder, Kent Bazemore, Kyle Korver, Mike Muscala, Shelvin Mack",38,101,101,101,103,2866,2880,0,2,-2,14
"41400204","ATL","Al Horford, DeMarre Carroll, Jeff Teague, Kyle Korver, Paul Millsap",0,0,0,15,16,0,354,15,16,-1,354
"41400204","WAS","Bradley Beal, Marcin Gortat, Nene, Paul Pierce, Ramon Sessions",0,0,0,16,19,0,488,16,19,-3,488
"41400204","ATL","DeMarre Carroll, Jeff Teague, Kyle Korver, Paul Millsap, Pero Antic",1,15,16,15,16,354,354,0,0,0,0
"41400204","WAS","Bradley Beal, Drew Gooden, Marcin Gortat, Paul Pierce, Ramon Sessions",1,16,19,16,19,488,488,0,0,0,0
"41400204","ATL","Jeff Teague, Kent Bazemore, Kyle Korver, Paul Millsap, Pero Antic",2,15,16,19,16,354,488,4,0,4,134
"41400204","WAS","Bradley Beal, Drew Gooden, Marcin Gortat, Otto Porter Jr., Ramon Sessions",2,16,19,21,19,488,556,5,0,5,68
"41400204","ATL","Dennis Schroder, Kent Bazemore, Kyle Korver, Paul Millsap, Pero Antic",3,19,16,21,21,488,574,2,5,-3,86
"41400204","WAS","Drew Gooden, Garrett Temple, Marcin Gortat, Otto Porter Jr., Ramon Sessions",3,21,19,26,29,556,720,5,10,-5,164
"41400204","ATL","Al Horford, Dennis Schroder, Kent Bazemore, Kyle Korver, Pero Antic",4,21,21,27,23,574,644,6,2,4,70
"41400204","WAS","Bradley Beal, Drew Gooden, Nene, Otto Porter Jr., Will Bynum",4,26,29,36,42,720,932,10,13,-3,212
"41400204","ATL","Al Horford, Dennis Schroder, Kent Bazemore, Kyle Korver, Mike Muscala",5,27,23,27,23,644,644,0,0,0,0
"41400204","WAS","Bradley Beal, Nene, Otto Porter Jr., Paul Pierce, Will Bynum",5,36,42,42,52,932,1131,6,10,-4,199
"41400204","ATL","Al Horford, DeMarre Carroll, Dennis Schroder, Kent Bazemore, Mike Muscala",6,27,23,34,33,644,843,7,10,-3,199
"41400204","WAS","Bradley Beal, Marcin Gortat, Otto Porter Jr., Paul Pierce, Will Bynum",6,42,52,42,52,1131,1131,0,0,0,0
"41400204","ATL","Al Horford, DeMarre Carroll, Dennis Schroder, Jeff Teague, Mike Muscala",7,34,33,34,33,843,843,0,0,0,0
"41400204","WAS","Bradley Beal, Marcin Gortat, Otto Porter Jr., Paul Pierce, Ramon Sessions",7,42,52,55,65,1131,1440,13,13,0,309
"41400204","ATL","Al Horford, DeMarre Carroll, Dennis Schroder, Jeff Teague, Paul Millsap",8,34,33,40,33,843,907,6,0,6,64
"41400204","WAS","Bradley Beal, Marcin Gortat, Nene, Paul Pierce, Ramon Sessions",8,55,65,67,74,1440,1793,12,9,3,353
"41400204","ATL","DeMarre Carroll, Dennis Schroder, Jeff Teague, Paul Millsap, Pero Antic",9,40,33,44,36,907,968,4,3,1,61
"41400204","WAS","Bradley Beal, Drew Gooden, Marcin Gortat, Paul Pierce, Ramon Sessions",9,67,74,72,81,1793,2012,5,7,-2,219
"41400204","ATL","DeMarre Carroll, Jeff Teague, Kyle Korver, Paul Millsap, Pero Antic",10,44,36,44,40,968,1029,0,4,-4,61
"41400204","WAS","Bradley Beal, Drew Gooden, Marcin Gortat, Otto Porter Jr., Ramon Sessions",10,72,81,73,83,2012,2103,1,2,-1,91
"41400204","ATL","Al Horford, DeMarre Carroll, Jeff Teague, Kyle Korver, Paul Millsap",11,44,40,52,42,1029,1131,8,2,6,102
"41400204","WAS","Drew Gooden, Garrett Temple, Marcin Gortat, Otto Porter Jr., Ramon Sessions",11,73,83,75,85,2103,2160,2,2,0,57
"41400204","ATL","Al Horford, Dennis Schroder, Jeff Teague, Kyle Korver, Paul Millsap",12,52,42,56,44,1131,1182,4,2,2,51
"41400204","WAS","Bradley Beal, Drew Gooden, Nene, Otto Porter Jr., Will Bynum",12,75,85,86,95,2160,2475,11,10,1,315
"41400204","ATL","Al Horford, Dennis Schroder, Jeff Teague, Kyle Korver, Mike Muscala",13,56,44,60,47,1182,1267,4,3,1,85
"41400204","WAS","Bradley Beal, Nene, Otto Porter Jr., Paul Pierce, Will Bynum",13,86,95,90,97,2475,2570,4,2,2,95
"41400204","ATL","Al Horford, DeMarre Carroll, Dennis Schroder, Jeff Teague, Kyle Korver",14,60,47,60,47,1267,1267,0,0,0,0
"41400204","WAS","Bradley Beal, Marcin Gortat, Otto Porter Jr., Paul Pierce, Will Bynum",14,90,97,90,97,2570,2604,0,0,0,34
"41400204","ATL","Al Horford, DeMarre Carroll, Dennis Schroder, Kyle Korver, Paul Millsap",15,60,47,62,52,1267,1328,2,5,-3,61
"41400204","WAS","Bradley Beal, Marcin Gortat, Otto Porter Jr., Paul Pierce, Ramon Sessions",15,90,97,94,101,2604,2691,4,4,0,87
"41400204","ATL","Al Horford, DeMarre Carroll, Jeff Teague, Kyle Korver, Paul Millsap",16,62,52,65,55,1328,1390,3,3,0,62
"41400204","WAS","Bradley Beal, Nene, Otto Porter Jr., Paul Pierce, Ramon Sessions",16,94,101,101,104,2691,2877,7,3,4,186
"41400204","ATL","Al Horford, Dennis Schroder, Jeff Teague, Kyle Korver, Paul Millsap",17,65,55,65,55,1390,1390,0,0,0,0
"41400204","WAS","Bradley Beal, Nene, Otto Porter Jr., Ramon Sessions, Will Bynum",17,101,104,101,104,2877,2877,0,0,0,0
"41400204","ATL","Al Horford, Dennis Schroder, Jeff Teague, Kyle Korver, Mike Muscala",18,65,55,65,55,1390,1406,0,0,0,16
"41400204","WAS","Bradley Beal, Garrett Temple, Otto Porter Jr., Ramon Sessions, Will Bynum",18,101,104,101,106,2877,2880,0,2,-2,3
"41400204","ATL","Al Horford, Dennis Schroder, Jeff Teague, Kyle Korver, Paul Millsap",19,65,55,65,55,1406,1440,0,0,0,34
"41400204","ATL","Al Horford, DeMarre Carroll, Jeff Teague, Kyle Korver, Paul Millsap",20,65,55,65,62,1440,1574,0,7,-7,134
"41400204","ATL","Al Horford, DeMarre Carroll, Jeff Teague, Kyle Korver, Pero Antic",21,65,62,74,67,1574,1793,9,5,4,219
"41400204","ATL","Al Horford, DeMarre Carroll, Jeff Teague, Kent Bazemore, Pero Antic",22,74,67,76,70,1793,1852,2,3,-1,59
"41400204","ATL","Al Horford, DeMarre Carroll, Dennis Schroder, Kent Bazemore, Pero Antic",23,76,70,81,73,1852,2032,5,3,2,180
"41400204","ATL","Al Horford, DeMarre Carroll, Dennis Schroder, Kent Bazemore, Mike Muscala",24,81,73,81,73,2032,2032,0,0,0,0
"41400204","ATL","Al Horford, Dennis Schroder, Kent Bazemore, Kyle Korver, Mike Muscala",25,81,73,85,75,2032,2158,4,2,2,126
"41400204","ATL","Dennis Schroder, Kent Bazemore, Kyle Korver, Mike Muscala, Pero Antic",26,85,75,85,75,2158,2160,0,0,0,2
"41400204","ATL","Dennis Schroder, Kent Bazemore, Kyle Korver, Mike Muscala, Paul Millsap",27,85,75,87,77,2160,2226,2,2,0,66
"41400204","ATL","Dennis Schroder, Jeff Teague, Kyle Korver, Mike Muscala, Paul Millsap",28,87,77,89,82,2226,2283,2,5,-3,57
"41400204","ATL","Al Horford, Dennis Schroder, Jeff Teague, Kyle Korver, Mike Muscala",29,89,82,95,86,2283,2475,6,4,2,192
"41400204","ATL","Dennis Schroder, Jeff Teague, Kyle Korver, Mike Muscala, Paul Millsap",30,95,86,95,86,2475,2475,0,0,0,0
"41400204","ATL","DeMarre Carroll, Dennis Schroder, Jeff Teague, Mike Muscala, Paul Millsap",31,95,86,97,88,2475,2517,2,2,0,42
"41400204","ATL","DeMarre Carroll, Dennis Schroder, Jeff Teague, Kent Bazemore, Mike Muscala",32,97,88,97,88,2517,2517,0,0,0,0
"41400204","ATL","Al Horford, DeMarre Carroll, Dennis Schroder, Jeff Teague, Mike Muscala",33,97,88,97,90,2517,2564,0,2,-2,47
"41400204","ATL","Al Horford, DeMarre Carroll, Dennis Schroder, Jeff Teague, Paul Millsap",34,97,90,97,90,2564,2570,0,0,0,6
"41400204","ATL","Al Horford, DeMarre Carroll, Dennis Schroder, Kyle Korver, Paul Millsap",35,97,90,101,94,2570,2706,4,4,0,136
"41400204","ATL","Al Horford, DeMarre Carroll, Dennis Schroder, Jeff Teague, Paul Millsap",36,101,94,101,97,2706,2784,0,3,-3,78
"41400204","ATL","Al Horford, Dennis Schroder, Jeff Teague, Kyle Korver, Paul Millsap",37,101,97,104,97,2784,2808,3,0,3,24
"41400204","ATL","Al Horford, Dennis Schroder, Jeff Teague, Kent Bazemore, Kyle Korver",38,104,97,104,97,2808,2808,0,0,0,0
"41400204","ATL","Al Horford, DeMarre Carroll, Dennis Schroder, Jeff Teague, Kent Bazemore",39,104,97,104,99,2808,2817,0,2,-2,9
"41400204","ATL","Al Horford, Dennis Schroder, Jeff Teague, Kent Bazemore, Paul Millsap",40,104,99,104,99,2817,2817,0,0,0,0
"41400204","ATL","Al Horford, Dennis Schroder, Jeff Teague, Kyle Korver, Paul Millsap",41,104,99,104,99,2817,2842,0,0,0,25
"41400204","ATL","Al Horford, DeMarre Carroll, Dennis Schroder, Jeff Teague, Kyle Korver",42,104,99,104,101,2842,2871,0,2,-2,29
"41400204","ATL","Al Horford, DeMarre Carroll, Dennis Schroder, Kent Bazemore, Kyle Korver",43,104,101,104,101,2871,2877,0,0,0,6
"41400204","ATL","Al Horford, Dennis Schroder, Jeff Teague, Kent Bazemore, Kyle Korver",44,104,101,104,101,2877,2877,0,0,0,0
"41400204","ATL","Al Horford, Dennis Schroder, Jeff Teague, Kyle Korver, Paul Millsap",45,104,101,106,101,2877,2880,2,0,2,3
"41400205","ATL","Al Horford, DeMarre Carroll, Jeff Teague, Kyle Korver, Paul Millsap",0,0,0,16,12,0,398,16,12,4,398
"41400205","WAS","Bradley Beal, John Wall, Marcin Gortat, Nene, Paul Pierce",0,0,0,12,16,0,398,12,16,-4,398
"41400205","ATL","DeMarre Carroll, Jeff Teague, Kyle Korver, Paul Millsap, Pero Antic",1,16,12,16,12,398,398,0,0,0,0
"41400205","WAS","Bradley Beal, John Wall, Marcin Gortat, Nene, Otto Porter Jr.",1,12,16,12,18,398,450,0,2,-2,52
"41400205","ATL","DeMarre Carroll, Jeff Teague, Kent Bazemore, Paul Millsap, Pero Antic",2,16,12,18,14,398,502,2,2,0,104
"41400205","WAS","Bradley Beal, Drew Gooden, John Wall, Marcin Gortat, Otto Porter Jr.",2,12,18,17,21,450,568,5,3,2,118
"41400205","ATL","DeMarre Carroll, Dennis Schroder, Kent Bazemore, Paul Millsap, Pero Antic",3,18,14,18,17,502,553,0,3,-3,51
"41400205","WAS","Drew Gooden, John Wall, Marcin Gortat, Otto Porter Jr., Ramon Sessions",3,17,21,19,23,568,720,2,2,0,152
"41400205","ATL","Dennis Schroder, Kent Bazemore, Kyle Korver, Paul Millsap, Pero Antic",4,18,17,21,17,553,604,3,0,3,51
"41400205","WAS","Bradley Beal, Drew Gooden, Nene, Otto Porter Jr., Ramon Sessions",4,19,23,21,27,720,936,2,4,-2,216
"41400205","ATL","Dennis Schroder, Kent Bazemore, Kyle Korver, Mike Muscala, Paul Millsap",5,21,17,21,17,604,604,0,0,0,0
"41400205","WAS","Bradley Beal, Nene, Otto Porter Jr., Paul Pierce, Ramon Sessions",5,21,27,28,33,936,1126,7,6,1,190
"41400205","ATL","Al Horford, Dennis Schroder, Kent Bazemore, Kyle Korver, Mike Muscala",6,21,17,23,19,604,720,2,2,0,116
"41400205","WAS","Bradley Beal, John Wall, Nene, Otto Porter Jr., Paul Pierce",6,28,33,28,33,1126,1126,0,0,0,0
"41400205","ATL","Al Horford, DeMarre Carroll, Dennis Schroder, Kent Bazemore, Mike Muscala",7,23,19,23,19,720,720,0,0,0,0
"41400205","WAS","Bradley Beal, John Wall, Marcin Gortat, Otto Porter Jr., Paul Pierce",7,28,33,47,41,1126,1440,19,8,11,314
"41400205","ATL","Al Horford, Dennis Schroder, Kent Bazemore, Kyle Korver, Mike Muscala",8,23,19,25,19,720,811,2,0,2,91
"41400205","WAS","Bradley Beal, John Wall, Marcin Gortat, Nene, Paul Pierce",8,47,41,58,55,1440,1930,11,14,-3,490
"41400205","ATL","Al Horford, Dennis Schroder, Jeff Teague, Kyle Korver, Mike Muscala",9,25,19,27,21,811,936,2,2,0,125
"41400205","WAS","Bradley Beal, John Wall, Marcin Gortat, Nene, Otto Porter Jr.",9,58,55,58,55,1930,1930,0,0,0,0
"41400205","ATL","Dennis Schroder, Jeff Teague, Kyle Korver, Mike Muscala, Paul Millsap",10,27,21,27,21,936,936,0,0,0,0
"41400205","WAS","Bradley Beal, Drew Gooden, John Wall, Marcin Gortat, Otto Porter Jr.",10,58,55,58,59,1930,1982,0,4,-4,52
"41400205","ATL","DeMarre Carroll, Jeff Teague, Kyle Korver, Mike Muscala, Paul Millsap",11,27,21,31,23,936,1002,4,2,2,66
"41400205","WAS","Drew Gooden, John Wall, Marcin Gortat, Otto Porter Jr., Ramon Sessions",11,58,59,62,63,1982,2160,4,4,0,178
"41400205","ATL","DeMarre Carroll, Dennis Schroder, Jeff Teague, Mike Muscala, Paul Millsap",12,31,23,31,28,1002,1078,0,5,-5,76
"41400205","WAS","John Wall, Marcin Gortat, Otto Porter Jr., Paul Pierce, Ramon Sessions",12,62,63,62,63,2160,2215,0,0,0,55
"41400205","ATL","Al Horford, DeMarre Carroll, Dennis Schroder, Jeff Teague, Paul Millsap",13,31,28,35,30,1078,1154,4,2,2,76
"41400205","WAS","Bradley Beal, Marcin Gortat, Otto Porter Jr., Paul Pierce, Ramon Sessions",13,62,63,62,63,2215,2215,0,0,0,0
"41400205","ATL","Al Horford, DeMarre Carroll, Dennis Schroder, Kyle Korver, Paul Millsap",14,35,30,35,34,1154,1228,0,4,-4,74
"41400205","WAS","Bradley Beal, Nene, Otto Porter Jr., Paul Pierce, Ramon Sessions",14,62,63,70,63,2215,2442,8,0,8,227
"41400205","ATL","Al Horford, DeMarre Carroll, Jeff Teague, Kyle Korver, Paul Millsap",15,35,34,49,55,1228,1793,14,21,-7,565
"41400205","WAS","Bradley Beal, John Wall, Nene, Otto Porter Jr., Paul Pierce",15,70,63,71,63,2442,2472,1,0,1,30
"41400205","ATL","Al Horford, Jeff Teague, Kent Bazemore, Kyle Korver, Paul Millsap",16,49,55,49,55,1793,1793,0,0,0,0
"41400205","WAS","Bradley Beal, John Wall, Marcin Gortat, Otto Porter Jr., Paul Pierce",16,71,63,73,76,2472,2706,2,13,-11,234
"41400205","ATL","Jeff Teague, Kent Bazemore, Kyle Korver, Paul Millsap, Pero Antic",17,49,55,55,58,1793,1930,6,3,3,137
"41400205","WAS","Bradley Beal, John Wall, Nene, Otto Porter Jr., Paul Pierce",17,73,76,76,78,2706,2809,3,2,1,103
"41400205","ATL","DeMarre Carroll, Jeff Teague, Kent Bazemore, Paul Millsap, Pero Antic",18,55,58,55,58,1930,1930,0,0,0,0
"41400205","WAS","Bradley Beal, John Wall, Marcin Gortat, Otto Porter Jr., Paul Pierce",18,76,78,81,80,2809,2872,5,2,3,63
"41400205","ATL","DeMarre Carroll, Dennis Schroder, Kent Bazemore, Paul Millsap, Pero Antic",19,55,58,59,58,1930,1982,4,0,4,52
"41400205","WAS","Bradley Beal, John Wall, Nene, Otto Porter Jr., Paul Pierce",19,81,80,81,82,2872,2880,0,2,-2,8
"41400205","ATL","DeMarre Carroll, Dennis Schroder, Kent Bazemore, Mike Muscala, Pero Antic",20,59,58,59,58,1982,2003,0,0,0,21
"41400205","ATL","Al Horford, DeMarre Carroll, Dennis Schroder, Kent Bazemore, Mike Muscala",21,59,58,61,60,2003,2121,2,2,0,118
"41400205","ATL","Al Horford, Dennis Schroder, Kent Bazemore, Kyle Korver, Mike Muscala",22,61,60,63,62,2121,2215,2,2,0,94
"41400205","ATL","Al Horford, Dennis Schroder, Jeff Teague, Kyle Korver, Mike Muscala",23,63,62,63,64,2215,2303,0,2,-2,88
"41400205","ATL","Al Horford, DeMarre Carroll, Jeff Teague, Kyle Korver, Mike Muscala",24,63,64,63,66,2303,2339,0,2,-2,36
"41400205","ATL","DeMarre Carroll, Jeff Teague, Kyle Korver, Mike Muscala, Paul Millsap",25,63,66,63,70,2339,2431,0,4,-4,92
"41400205","ATL","Al Horford, DeMarre Carroll, Jeff Teague, Kyle Korver, Paul Millsap",26,63,70,63,70,2431,2431,0,0,0,0
"41400205","ATL","Al Horford, DeMarre Carroll, Dennis Schroder, Jeff Teague, Paul Millsap",27,63,70,66,73,2431,2548,3,3,0,117
"41400205","ATL","Al Horford, DeMarre Carroll, Dennis Schroder, Kyle Korver, Paul Millsap",28,66,73,82,81,2548,2880,16,8,8,332
"41400206","ATL","Al Horford, DeMarre Carroll, Jeff Teague, Kyle Korver, Paul Millsap",0,0,0,12,5,0,343,12,5,7,343
"41400206","WAS","Bradley Beal, John Wall, Marcin Gortat, Nene, Paul Pierce",0,0,0,7,12,0,441,7,12,-5,441
"41400206","ATL","DeMarre Carroll, Jeff Teague, Kyle Korver, Paul Millsap, Pero Antic",1,12,5,12,7,343,393,0,2,-2,50
"41400206","WAS","Bradley Beal, Drew Gooden, John Wall, Marcin Gortat, Nene",1,7,12,7,12,441,441,0,0,0,0
"41400206","ATL","DeMarre Carroll, Jeff Teague, Kent Bazemore, Paul Millsap, Pero Antic",2,12,7,12,7,393,441,0,0,0,48
"41400206","WAS","Bradley Beal, Drew Gooden, John Wall, Marcin Gortat, Otto Porter Jr.",2,7,12,7,15,441,489,0,3,-3,48
"41400206","ATL","DeMarre Carroll, Dennis Schroder, Kent Bazemore, Paul Millsap, Pero Antic",3,12,7,15,11,441,537,3,4,-1,96
"41400206","WAS","Bradley Beal, Drew Gooden, John Wall, Kevin Seraphin, Otto Porter Jr.",3,7,15,18,19,489,675,11,4,7,186
"41400206","ATL","Dennis Schroder, Kent Bazemore, Kyle Korver, Paul Millsap, Pero Antic",4,15,11,15,11,537,537,0,0,0,0
"41400206","WAS","Drew Gooden, John Wall, Kevin Seraphin, Otto Porter Jr., Ramon Sessions",4,18,19,24,26,675,917,6,7,-1,242
"41400206","ATL","Dennis Schroder, Kent Bazemore, Kyle Korver, Mike Muscala, Pero Antic",5,15,11,15,11,537,537,0,0,0,0
"41400206","WAS","Bradley Beal, Drew Gooden, Kevin Seraphin, Otto Porter Jr., Ramon Sessions",5,24,26,28,28,917,1070,4,2,2,153
"41400206","ATL","Al Horford, Dennis Schroder, Kent Bazemore, Kyle Korver, Mike Muscala",6,15,11,19,20,537,720,4,9,-5,183
"41400206","WAS","Bradley Beal, Kevin Seraphin, Otto Porter Jr., Paul Pierce, Ramon Sessions",6,28,28,30,30,1070,1128,2,2,0,58
"41400206","ATL","Al Horford, Dennis Schroder, Jeff Teague, Kyle Korver, Paul Millsap",7,19,20,26,24,720,917,7,4,3,197
"41400206","WAS","Bradley Beal, John Wall, Kevin Seraphin, Otto Porter Jr., Paul Pierce",7,30,30,37,37,1128,1281,7,7,0,153
"41400206","ATL","Al Horford, Dennis Schroder, Jeff Teague, Mike Muscala, Paul Millsap",8,26,24,26,24,917,917,0,0,0,0
"41400206","WAS","Bradley Beal, John Wall, Kevin Seraphin, Nene, Otto Porter Jr.",8,37,37,39,43,1281,1436,2,6,-4,155
"41400206","ATL","DeMarre Carroll, Dennis Schroder, Jeff Teague, Mike Muscala, Paul Millsap",9,26,24,26,28,917,1028,0,4,-4,111
"41400206","WAS","Bradley Beal, Drew Gooden, John Wall, Kevin Seraphin, Otto Porter Jr.",9,39,43,39,45,1436,1440,0,2,-2,4
"41400206","ATL","Al Horford, DeMarre Carroll, Dennis Schroder, Jeff Teague, Mike Muscala",10,26,28,26,28,1028,1028,0,0,0,0
"41400206","WAS","Bradley Beal, John Wall, Marcin Gortat, Nene, Paul Pierce",10,39,45,43,57,1440,1690,4,12,-8,250
"41400206","ATL","Al Horford, DeMarre Carroll, Dennis Schroder, Kyle Korver, Mike Muscala",11,26,28,30,30,1028,1128,4,2,2,100
"41400206","WAS","Bradley Beal, John Wall, Kevin Seraphin, Nene, Paul Pierce",11,43,57,50,62,1690,1819,7,5,2,129
"41400206","ATL","Al Horford, DeMarre Carroll, Jeff Teague, Kyle Korver, Mike Muscala",12,30,30,30,30,1128,1128,0,0,0,0
"41400206","WAS","Bradley Beal, John Wall, Kevin Seraphin, Nene, Otto Porter Jr.",12,50,62,59,67,1819,1959,9,5,4,140
"41400206","ATL","Al Horford, DeMarre Carroll, Jeff Teague, Kyle Korver, Paul Millsap",13,30,30,43,39,1128,1436,13,9,4,308
"41400206","WAS","Bradley Beal, Drew Gooden, John Wall, Kevin Seraphin, Otto Porter Jr.",13,59,67,63,72,1959,2082,4,5,-1,123
"41400206","ATL","Al Horford, Dennis Schroder, Jeff Teague, Kyle Korver, Paul Millsap",14,43,39,45,39,1436,1440,2,0,2,4
"41400206","WAS","Drew Gooden, John Wall, Kevin Seraphin, Otto Porter Jr., Ramon Sessions",14,63,72,64,72,2082,2160,1,0,1,78
"41400206","ATL","Al Horford, DeMarre Carroll, Jeff Teague, Kyle Korver, Paul Millsap",15,45,39,62,50,1440,1819,17,11,6,379
"41400206","WAS","Bradley Beal, Drew Gooden, John Wall, Kevin Seraphin, Otto Porter Jr.",15,64,72,75,83,2160,2442,11,11,0,282
"41400206","ATL","Al Horford, DeMarre Carroll, Jeff Teague, Kyle Korver, Pero Antic",16,62,50,62,50,1819,1819,0,0,0,0
"41400206","WAS","Bradley Beal, Drew Gooden, John Wall, Nene, Otto Porter Jr.",16,75,83,77,85,2442,2462,2,2,0,20
"41400206","ATL","Al Horford, DeMarre Carroll, Dennis Schroder, Kyle Korver, Pero Antic",17,62,50,62,50,1819,1819,0,0,0,0
"41400206","WAS","Bradley Beal, John Wall, Nene, Otto Porter Jr., Paul Pierce",17,77,85,89,93,2462,2862,12,8,4,400
"41400206","ATL","Al Horford, DeMarre Carroll, Dennis Schroder, Kent Bazemore, Pero Antic",18,62,50,64,53,1819,1871,2,3,-1,52
"41400206","WAS","Bradley Beal, Drew Gooden, John Wall, Otto Porter Jr., Paul Pierce",18,89,93,89,93,2862,2862,0,0,0,0
"41400206","ATL","DeMarre Carroll, Dennis Schroder, Kent Bazemore, Paul Millsap, Pero Antic",19,64,53,64,57,1871,1902,0,4,-4,31
"41400206","WAS","Bradley Beal, Drew Gooden, Garrett Temple, John Wall, Otto Porter Jr.",19,89,93,91,93,2862,2873,2,0,2,11
"41400206","ATL","DeMarre Carroll, Dennis Schroder, Kent Bazemore, Mike Muscala, Paul Millsap",20,64,57,67,61,1902,2026,3,4,-1,124
"41400206","WAS","Bradley Beal, Garrett Temple, John Wall, Nene, Otto Porter Jr.",20,91,93,91,94,2873,2874,0,1,-1,1
"41400206","ATL","Dennis Schroder, Kent Bazemore, Kyle Korver, Mike Muscala, Paul Millsap",21,67,61,67,61,2026,2026,0,0,0,0
"41400206","WAS","Bradley Beal, John Wall, Kevin Seraphin, Nene, Otto Porter Jr.",21,91,94,91,94,2874,2874,0,0,0,0
"41400206","ATL","Al Horford, Dennis Schroder, Kent Bazemore, Kyle Korver, Mike Muscala",22,67,61,67,61,2026,2026,0,0,0,0
"41400206","WAS","Bradley Beal, John Wall, Nene, Otto Porter Jr., Paul Pierce",22,91,94,91,94,2874,2880,0,0,0,6
"41400206","ATL","Al Horford, Dennis Schroder, Jeff Teague, Kyle Korver, Mike Muscala",23,67,61,72,64,2026,2160,5,3,2,134
"41400206","ATL","Al Horford, Dennis Schroder, Jeff Teague, Kyle Korver, Paul Millsap",24,72,64,77,67,2160,2275,5,3,2,115
"41400206","ATL","Al Horford, DeMarre Carroll, Jeff Teague, Kyle Korver, Paul Millsap",25,77,67,83,75,2275,2402,6,8,-2,127
"41400206","ATL","Al Horford, DeMarre Carroll, Dennis Schroder, Jeff Teague, Paul Millsap",26,83,75,83,77,2402,2443,0,2,-2,41
"41400206","ATL","DeMarre Carroll, Dennis Schroder, Jeff Teague, Mike Muscala, Paul Millsap",27,83,77,83,77,2443,2443,0,0,0,0
"41400206","ATL","DeMarre Carroll, Dennis Schroder, Kyle Korver, Mike Muscala, Paul Millsap",28,83,77,87,80,2443,2511,4,3,1,68
"41400206","ATL","Al Horford, DeMarre Carroll, Dennis Schroder, Kyle Korver, Paul Millsap",29,87,80,87,84,2511,2573,0,4,-4,62
"41400206","ATL","Al Horford, DeMarre Carroll, Jeff Teague, Kyle Korver, Paul Millsap",30,87,84,91,89,2573,2823,4,5,-1,250
"41400206","ATL","Al Horford, DeMarre Carroll, Kent Bazemore, Kyle Korver, Paul Millsap",31,91,89,91,89,2823,2835,0,0,0,12
"41400206","ATL","Al Horford, DeMarre Carroll, Jeff Teague, Kyle Korver, Paul Millsap",32,91,89,93,89,2835,2850,2,0,2,15
"41400206","ATL","Al Horford, DeMarre Carroll, Kent Bazemore, Kyle Korver, Paul Millsap",33,93,89,93,89,2850,2862,0,0,0,12
"41400206","ATL","Al Horford, DeMarre Carroll, Jeff Teague, Kyle Korver, Paul Millsap",34,93,89,93,89,2862,2862,0,0,0,0
"41400206","ATL","Al Horford, Dennis Schroder, Jeff Teague, Kyle Korver, Paul Millsap",35,93,89,94,91,2862,2874,1,2,-1,12
"41400206","ATL","Al Horford, Dennis Schroder, Kent Bazemore, Kyle Korver, Paul Millsap",36,94,91,94,91,2874,2874,0,0,0,0
"41400206","ATL","Al Horford, DeMarre Carroll, Kent Bazemore, Kyle Korver, Paul Millsap",37,94,91,94,91,2874,2880,0,0,0,6
"41400211","CHI","Derrick Rose, Jimmy Butler, Joakim Noah, Mike Dunleavy, Pau Gasol",0,0,0,21,8,0,441,21,8,13,441
"41400211","CLE","Iman Shumpert, Kyrie Irving, LeBron James, Mike Miller, Timofey Mozgov",0,0,0,8,21,0,416,8,21,-13,416
"41400211","CHI","Derrick Rose, Jimmy Butler, Mike Dunleavy, Pau Gasol, Taj Gibson",1,21,8,23,11,441,534,2,3,-1,93
"41400211","CLE","Iman Shumpert, Kyrie Irving, LeBron James, Timofey Mozgov, Tristan Thompson",1,8,21,11,23,416,513,3,2,1,97
"41400211","CHI","Derrick Rose, Kirk Hinrich, Mike Dunleavy, Pau Gasol, Taj Gibson",2,23,11,27,13,534,590,4,2,2,56
"41400211","CLE","Iman Shumpert, Kyrie Irving, Shawn Marion, Timofey Mozgov, Tristan Thompson",2,11,23,13,27,513,590,2,4,-2,77
"41400211","CHI","Derrick Rose, Jimmy Butler, Kirk Hinrich, Pau Gasol, Taj Gibson",3,27,13,27,15,590,695,0,2,-2,105
"41400211","CLE","Kyrie Irving, LeBron James, Shawn Marion, Timofey Mozgov, Tristan Thompson",3,13,27,15,27,590,695,2,0,2,105
"41400211","CHI","Derrick Rose, Jimmy Butler, Kirk Hinrich, Mike Dunleavy, Pau Gasol",4,27,15,27,15,695,720,0,0,0,25
"41400211","CLE","Kyrie Irving, LeBron James, Mike Miller, Shawn Marion, Timofey Mozgov",4,15,27,15,27,695,720,0,0,0,25
"41400211","CHI","Aaron Brooks, Jimmy Butler, Joakim Noah, Kirk Hinrich, Taj Gibson",5,27,15,35,21,720,920,8,6,2,200
"41400211","CLE","James Jones, LeBron James, Matthew Dellavedova, Shawn Marion, Tristan Thompson",5,15,27,21,33,720,894,6,6,0,174
"41400211","CHI","Derrick Rose, Jimmy Butler, Joakim Noah, Kirk Hinrich, Taj Gibson",6,35,21,37,26,920,973,2,5,-3,53
"41400211","CLE","Iman Shumpert, James Jones, LeBron James, Matthew Dellavedova, Tristan Thompson",6,21,33,21,33,894,894,0,0,0,0
"41400211","CHI","Derrick Rose, Jimmy Butler, Joakim Noah, Mike Dunleavy, Taj Gibson",7,37,26,43,35,973,1202,6,9,-3,229
"41400211","CLE","Iman Shumpert, James Jones, Kyrie Irving, LeBron James, Tristan Thompson",7,21,33,35,43,894,1202,14,10,4,308
"41400211","CHI","Derrick Rose, Jimmy Butler, Joakim Noah, Mike Dunleavy, Nikola Mirotic",8,43,35,43,35,1202,1202,0,0,0,0
"41400211","CLE","Iman Shumpert, Kyrie Irving, LeBron James, Timofey Mozgov, Tristan Thompson",8,35,43,37,43,1202,1232,2,0,2,30
"41400211","CHI","Derrick Rose, Jimmy Butler, Mike Dunleavy, Nikola Mirotic, Pau Gasol",9,43,35,47,42,1202,1347,4,7,-3,145
"41400211","CLE","Iman Shumpert, Kyrie Irving, Mike Miller, Timofey Mozgov, Tristan Thompson",9,37,43,42,47,1232,1347,5,4,1,115
"41400211","CHI","Derrick Rose, Jimmy Butler, Mike Dunleavy, Pau Gasol, Taj Gibson",10,47,42,49,44,1347,1440,2,2,0,93
"41400211","CLE","Kyrie Irving, LeBron James, Mike Miller, Timofey Mozgov, Tristan Thompson",10,42,47,44,49,1347,1440,2,2,0,93
"41400211","CHI","Derrick Rose, Jimmy Butler, Joakim Noah, Mike Dunleavy, Pau Gasol",11,49,44,74,59,1440,1930,25,15,10,490
"41400211","CLE","Iman Shumpert, Kyrie Irving, LeBron James, Mike Miller, Timofey Mozgov",11,44,49,53,56,1440,1658,9,7,2,218
"41400211","CHI","Derrick Rose, Jimmy Butler, Mike Dunleavy, Pau Gasol, Taj Gibson",12,74,59,74,66,1930,1998,0,7,-7,68
"41400211","CLE","Iman Shumpert, Kyrie Irving, LeBron James, Mike Miller, Tristan Thompson",12,53,56,53,66,1658,1758,0,10,-10,100
"41400211","CHI","Aaron Brooks, Jimmy Butler, Mike Dunleavy, Pau Gasol, Taj Gibson",13,74,66,74,66,1998,1998,0,0,0,0
"41400211","CLE","Iman Shumpert, Kyrie Irving, LeBron James, Timofey Mozgov, Tristan Thompson",13,53,66,59,74,1758,1930,6,8,-2,172
"41400211","CHI","Aaron Brooks, Jimmy Butler, Kirk Hinrich, Pau Gasol, Taj Gibson",14,74,66,81,70,1998,2160,7,4,3,162
"41400211","CLE","Iman Shumpert, LeBron James, Matthew Dellavedova, Timofey Mozgov, Tristan Thompson",14,59,74,66,74,1930,1998,7,0,7,68
"41400211","CHI","Aaron Brooks, Joakim Noah, Kirk Hinrich, Mike Dunleavy, Taj Gibson",15,81,70,83,77,2160,2332,2,7,-5,172
"41400211","CLE","Iman Shumpert, Kyrie Irving, LeBron James, Matthew Dellavedova, Tristan Thompson",15,66,74,70,81,1998,2160,4,7,-3,162
"41400211","CHI","Aaron Brooks, Jimmy Butler, Joakim Noah, Kirk Hinrich, Taj Gibson",16,83,77,83,80,2332,2343,0,3,-3,11
"41400211","CLE","Iman Shumpert, Kyrie Irving, Matthew Dellavedova, Timofey Mozgov, Tristan Thompson",16,70,81,77,83,2160,2332,7,2,5,172
"41400211","CHI","Aaron Brooks, Derrick Rose, Jimmy Butler, Joakim Noah, Taj Gibson",17,83,80,83,80,2343,2343,0,0,0,0
"41400211","CLE","Iman Shumpert, Kyrie Irving, LeBron James, Matthew Dellavedova, Tristan Thompson",17,77,83,92,98,2332,2871,15,15,0,539
"41400211","CHI","Derrick Rose, Jimmy Butler, Joakim Noah, Mike Dunleavy, Taj Gibson",18,83,80,86,82,2343,2445,3,2,1,102
"41400211","CLE","Iman Shumpert, LeBron James, Matthew Dellavedova, Timofey Mozgov, Tristan Thompson",18,92,98,92,98,2871,2871,0,0,0,0
"41400211","CHI","Derrick Rose, Jimmy Butler, Mike Dunleavy, Pau Gasol, Taj Gibson",19,86,82,94,88,2445,2752,8,6,2,307
"41400211","CLE","Iman Shumpert, Kyrie Irving, LeBron James, Matthew Dellavedova, Tristan Thompson",19,92,98,92,99,2871,2880,0,1,-1,9
"41400211","CHI","Derrick Rose, Jimmy Butler, Kirk Hinrich, Mike Dunleavy, Pau Gasol",20,94,88,96,90,2752,2850,2,2,0,98
"41400211","CHI","Derrick Rose, Jimmy Butler, Kirk Hinrich, Mike Dunleavy, Taj Gibson",21,96,90,96,90,2850,2850,0,0,0,0
"41400211","CHI","Derrick Rose, Jimmy Butler, Joakim Noah, Mike Dunleavy, Taj Gibson",22,96,90,97,90,2850,2859,1,0,1,9
"41400211","CHI","Jimmy Butler, Joakim Noah, Kirk Hinrich, Mike Dunleavy, Taj Gibson",23,97,90,99,92,2859,2880,2,2,0,21
"41400212","CHI","Derrick Rose, Jimmy Butler, Joakim Noah, Mike Dunleavy, Pau Gasol",0,0,0,2,13,0,277,2,13,-11,277
"41400212","CLE","Iman Shumpert, Kyrie Irving, LeBron James, Timofey Mozgov, Tristan Thompson",0,0,0,10,2,0,244,10,2,8,244
"41400212","CHI","Derrick Rose, Joakim Noah, Kirk Hinrich, Mike Dunleavy, Pau Gasol",1,2,13,5,13,277,321,3,0,3,44
"41400212","CLE","Iman Shumpert, Kyrie Irving, Mike Miller, Timofey Mozgov, Tristan Thompson",1,10,2,13,5,244,321,3,3,0,77
"41400212","CHI","Derrick Rose, Jimmy Butler, Joakim Noah, Mike Dunleavy, Pau Gasol",2,5,13,5,17,321,361,0,4,-4,40
"41400212","CLE","Iman Shumpert, Kyrie Irving, LeBron James, Timofey Mozgov, Tristan Thompson",2,13,5,20,6,321,405,7,1,6,84
"41400212","CHI","Derrick Rose, Jimmy Butler, Mike Dunleavy, Pau Gasol, Taj Gibson",3,5,17,6,21,361,422,1,4,-3,61
"41400212","CLE","Iman Shumpert, James Jones, Kyrie Irving, LeBron James, Timofey Mozgov",3,20,6,21,6,405,422,1,0,1,17
"41400212","CHI","Derrick Rose, Jimmy Butler, Kirk Hinrich, Pau Gasol, Taj Gibson",4,6,21,9,24,422,510,3,3,0,88
"41400212","CLE","Iman Shumpert, James Jones, Kendrick Perkins, Kyrie Irving, LeBron James",4,21,6,22,6,422,437,1,0,1,15
"41400212","CHI","Aaron Brooks, Jimmy Butler, Kirk Hinrich, Pau Gasol, Taj Gibson",5,9,24,16,38,510,702,7,14,-7,192
"41400212","CLE","Iman Shumpert, James Jones, Kendrick Perkins, LeBron James, Matthew Dellavedova",5,22,6,28,14,437,589,6,8,-2,152
"41400212","CHI","Aaron Brooks, Derrick Rose, Jimmy Butler, Pau Gasol, Taj Gibson",6,16,38,18,38,702,720,2,0,2,18
"41400212","CLE","James Jones, Kendrick Perkins, Kyrie Irving, LeBron James, Matthew Dellavedova",6,28,14,38,16,589,702,10,2,8,113
"41400212","CHI","Aaron Brooks, Derrick Rose, Joakim Noah, Mike Dunleavy, Taj Gibson",7,18,38,27,45,720,895,9,7,2,175
"41400212","CLE","Iman Shumpert, James Jones, Kendrick Perkins, Kyrie Irving, Matthew Dellavedova",7,38,16,45,27,702,895,7,11,-4,193
"41400212","CHI","Derrick Rose, Jimmy Butler, Joakim Noah, Mike Dunleavy, Taj Gibson",8,27,45,39,56,895,1164,12,11,1,269
"41400212","CLE","Iman Shumpert, James Jones, Kyrie Irving, Matthew Dellavedova, Tristan Thompson",8,45,27,45,27,895,895,0,0,0,0
"41400212","CHI","Derrick Rose, Jimmy Butler, Mike Dunleavy, Pau Gasol, Taj Gibson",9,39,56,39,62,1164,1330,0,6,-6,166
"41400212","CLE","Iman Shumpert, Kyrie Irving, Matthew Dellavedova, Timofey Mozgov, Tristan Thompson",9,45,27,48,32,895,988,3,5,-2,93
"41400212","CHI","Derrick Rose, Jimmy Butler, Mike Dunleavy, Pau Gasol, Tony Snell",10,39,62,43,64,1330,1369,4,2,2,39
"41400212","CLE","Iman Shumpert, LeBron James, Matthew Dellavedova, Timofey Mozgov, Tristan Thompson",10,48,32,56,39,988,1164,8,7,1,176
"41400212","CHI","Derrick Rose, Mike Dunleavy, Nikola Mirotic, Pau Gasol, Tony Snell",11,43,64,45,64,1369,1440,2,0,2,71
"41400212","CLE","Iman Shumpert, Kyrie Irving, LeBron James, Matthew Dellavedova, Tristan Thompson",11,56,39,62,39,1164,1330,6,0,6,166
"41400212","CHI","Derrick Rose, Jimmy Butler, Joakim Noah, Mike Dunleavy, Pau Gasol",12,45,64,65,80,1440,1965,20,16,4,525
"41400212","CLE","Iman Shumpert, Kendrick Perkins, Kyrie Irving, Matthew Dellavedova, Tristan Thompson",12,62,39,62,39,1330,1330,0,0,0,0
"41400212","CHI","Derrick Rose, Jimmy Butler, Mike Dunleavy, Pau Gasol, Taj Gibson",13,65,80,69,82,1965,2009,4,2,2,44
"41400212","CLE","Iman Shumpert, James Jones, Kendrick Perkins, Kyrie Irving, Matthew Dellavedova",13,62,39,64,45,1330,1393,2,6,-4,63
"41400212","CHI","Aaron Brooks, Derrick Rose, Jimmy Butler, Pau Gasol, Taj Gibson",14,69,82,69,87,2009,2105,0,5,-5,96
"41400212","CLE","Iman Shumpert, James Jones, Kyrie Irving, LeBron James, Matthew Dellavedova",14,64,45,64,45,1393,1440,0,0,0,47
"41400212","CHI","Aaron Brooks, Jimmy Butler, Kirk Hinrich, Pau Gasol, Taj Gibson",15,69,87,71,87,2105,2160,2,0,2,55
"41400212","CLE","Iman Shumpert, Kyrie Irving, LeBron James, Timofey Mozgov, Tristan Thompson",15,64,45,70,47,1440,1603,6,2,4,163
"41400212","CHI","Aaron Brooks, Joakim Noah, Kirk Hinrich, Taj Gibson, Tony Snell",16,71,87,71,89,2160,2227,0,2,-2,67
"41400212","CLE","Kyrie Irving, LeBron James, Matthew Dellavedova, Timofey Mozgov, Tristan Thompson",16,70,47,72,61,1603,1826,2,14,-12,223
"41400212","CHI","Aaron Brooks, Derrick Rose, Joakim Noah, Kirk Hinrich, Tony Snell",17,71,89,74,91,2227,2285,3,2,1,58
"41400212","CLE","James Jones, Kyrie Irving, LeBron James, Matthew Dellavedova, Tristan Thompson",17,72,61,85,69,1826,2058,13,8,5,232
"41400212","CHI","Aaron Brooks, Derrick Rose, Jimmy Butler, Joakim Noah, Tony Snell",18,74,91,76,96,2285,2528,2,5,-3,243
"41400212","CLE","James Jones, LeBron James, Matthew Dellavedova, Mike Miller, Tristan Thompson",18,85,69,87,71,2058,2160,2,2,0,102
"41400212","CHI","Aaron Brooks, Derrick Rose, Joakim Noah, Nikola Mirotic, Tony Snell",19,76,96,76,96,2528,2528,0,0,0,0
"41400212","CLE","James Jones, Kyrie Irving, Matthew Dellavedova, Mike Miller, Tristan Thompson",19,87,71,91,74,2160,2285,4,3,1,125
"41400212","CHI","Aaron Brooks, Joakim Noah, Kirk Hinrich, Nikola Mirotic, Tony Snell",20,76,96,76,98,2528,2604,0,2,-2,76
"41400212","CLE","Kyrie Irving, LeBron James, Matthew Dellavedova, Mike Miller, Tristan Thompson",20,91,74,92,74,2285,2353,1,0,1,68
"41400212","CHI","Aaron Brooks, Kirk Hinrich, Nazr Mohammed, Nikola Mirotic, Tony Snell",21,76,98,85,101,2604,2762,9,3,6,158
"41400212","CLE","Iman Shumpert, LeBron James, Matthew Dellavedova, Mike Miller, Tristan Thompson",21,92,74,92,74,2353,2415,0,0,0,62
"41400212","CHI","Aaron Brooks, E'Twaun Moore, Nazr Mohammed, Nikola Mirotic, Tony Snell",22,85,101,87,101,2762,2808,2,0,2,46
"41400212","CLE","Iman Shumpert, Kyrie Irving, LeBron James, Mike Miller, Tristan Thompson",22,92,74,98,76,2415,2543,6,2,4,128
"41400212","CHI","Doug McDermott, E'Twaun Moore, Nazr Mohammed, Nikola Mirotic, Tony Snell",23,87,101,91,106,2808,2880,4,5,-1,72
"41400212","CLE","Iman Shumpert, LeBron James, Matthew Dellavedova, Mike Miller, Tristan Thompson",23,98,76,98,76,2543,2604,0,0,0,61
"41400212","CLE","Iman Shumpert, James Jones, Matthew Dellavedova, Mike Miller, Tristan Thompson",24,98,76,98,76,2604,2604,0,0,0,0
"41400212","CLE","James Jones, Matthew Dellavedova, Mike Miller, Shawn Marion, Tristan Thompson",25,98,76,100,80,2604,2670,2,4,-2,66
"41400212","CLE","James Jones, Kendrick Perkins, Matthew Dellavedova, Mike Miller, Shawn Marion",26,100,80,101,85,2670,2762,1,5,-4,92
"41400212","CLE","James Jones, Joe Harris, Kendrick Perkins, Matthew Dellavedova, Shawn Marion",27,101,85,106,91,2762,2880,5,6,-1,118
"41400213","CHI","Derrick Rose, Jimmy Butler, Joakim Noah, Mike Dunleavy, Pau Gasol",0,0,0,13,13,0,479,13,13,0,479
"41400213","CLE","Iman Shumpert, Kyrie Irving, LeBron James, Timofey Mozgov, Tristan Thompson",0,0,0,7,11,0,357,7,11,-4,357
"41400213","CHI","Derrick Rose, Jimmy Butler, Mike Dunleavy, Pau Gasol, Taj Gibson",1,13,13,15,16,479,528,2,3,-1,49
"41400213","CLE","JR Smith, Kyrie Irving, LeBron James, Timofey Mozgov, Tristan Thompson",1,7,11,13,13,357,479,6,2,4,122
"41400213","CHI","Aaron Brooks, Jimmy Butler, Mike Dunleavy, Pau Gasol, Taj Gibson",2,15,16,16,18,528,592,1,2,-1,64
"41400213","CLE","JR Smith, LeBron James, Matthew Dellavedova, Timofey Mozgov, Tristan Thompson",2,13,13,18,15,479,560,5,2,3,81
"41400213","CHI","Aaron Brooks, Jimmy Butler, Kirk Hinrich, Pau Gasol, Taj Gibson",3,16,18,18,24,592,720,2,6,-4,128
"41400213","CLE","James Jones, JR Smith, LeBron James, Matthew Dellavedova, Tristan Thompson",3,18,15,18,16,560,592,0,1,-1,32
"41400213","CHI","Aaron Brooks, Jimmy Butler, Joakim Noah, Kirk Hinrich, Nikola Mirotic",4,18,24,24,28,720,909,6,4,2,189
"41400213","CLE","Iman Shumpert, James Jones, LeBron James, Matthew Dellavedova, Tristan Thompson",4,18,16,24,18,592,720,6,2,4,128
"41400213","CHI","Aaron Brooks, Derrick Rose, Joakim Noah, Kirk Hinrich, Nikola Mirotic",5,24,28,24,28,909,909,0,0,0,0
"41400213","CLE","Iman Shumpert, James Jones, LeBron James, Matthew Dellavedova, Timofey Mozgov",5,24,18,28,24,720,909,4,6,-2,189
"41400213","CHI","Derrick Rose, Joakim Noah, Kirk Hinrich, Mike Dunleavy, Nikola Mirotic",6,24,28,26,30,909,1019,2,2,0,110
"41400213","CLE","Iman Shumpert, James Jones, Matthew Dellavedova, Timofey Mozgov, Tristan Thompson",6,28,24,28,24,909,909,0,0,0,0
"41400213","CHI","Derrick Rose, Jimmy Butler, Joakim Noah, Mike Dunleavy, Nikola Mirotic",7,26,30,30,35,1019,1134,4,5,-1,115
"41400213","CLE","Iman Shumpert, James Jones, JR Smith, Matthew Dellavedova, Tristan Thompson",7,28,24,28,24,909,909,0,0,0,0
"41400213","CHI","Derrick Rose, Jimmy Butler, Mike Dunleavy, Nikola Mirotic, Pau Gasol",8,30,35,47,49,1134,1412,17,14,3,278
"41400213","CLE","Iman Shumpert, James Jones, JR Smith, Kyrie Irving, Tristan Thompson",8,28,24,30,26,909,1019,2,2,0,110
"41400213","CHI","Derrick Rose, Jimmy Butler, Mike Dunleavy, Nikola Mirotic, Tony Snell",9,47,49,47,49,1412,1412,0,0,0,0
"41400213","CLE","Iman Shumpert, JR Smith, Kyrie Irving, LeBron James, Tristan Thompson",9,30,26,35,30,1019,1134,5,4,1,115
"41400213","CHI","Derrick Rose, Jimmy Butler, Joakim Noah, Mike Dunleavy, Tony Snell",10,47,49,47,49,1412,1412,0,0,0,0
"41400213","CLE","JR Smith, Kyrie Irving, LeBron James, Matthew Dellavedova, Tristan Thompson",10,35,30,40,40,1134,1281,5,10,-5,147
"41400213","CHI","Derrick Rose, Jimmy Butler, Joakim Noah, Kirk Hinrich, Tony Snell",11,47,49,47,49,1412,1440,0,0,0,28
"41400213","CLE","Iman Shumpert, JR Smith, Kyrie Irving, LeBron James, Tristan Thompson",11,40,40,46,47,1281,1389,6,7,-1,108
"41400213","CHI","Derrick Rose, Jimmy Butler, Joakim Noah, Mike Dunleavy, Pau Gasol",12,47,49,59,61,1440,1751,12,12,0,311
"41400213","CLE","Iman Shumpert, Kyrie Irving, LeBron James, Matthew Dellavedova, Tristan Thompson",12,46,47,49,47,1389,1412,3,0,3,23
"41400213","CHI","Derrick Rose, Jimmy Butler, Joakim Noah, Mike Dunleavy, Taj Gibson",13,59,61,59,64,1751,1812,0,3,-3,61
"41400213","CLE","James Jones, Kyrie Irving, LeBron James, Matthew Dellavedova, Tristan Thompson",13,49,47,49,47,1412,1440,0,0,0,28
"41400213","CHI","Derrick Rose, Jimmy Butler, Mike Dunleavy, Nikola Mirotic, Taj Gibson",14,59,64,66,65,1812,1949,7,1,6,137
"41400213","CLE","Iman Shumpert, Kyrie Irving, LeBron James, Timofey Mozgov, Tristan Thompson",14,49,47,64,59,1440,1812,15,12,3,372
"41400213","CHI","Aaron Brooks, Jimmy Butler, Mike Dunleavy, Nikola Mirotic, Taj Gibson",15,66,65,71,73,1949,2125,5,8,-3,176
"41400213","CLE","Iman Shumpert, James Jones, Kyrie Irving, LeBron James, Tristan Thompson",15,64,59,65,65,1812,1943,1,6,-5,131
"41400213","CHI","Derrick Rose, Jimmy Butler, Mike Dunleavy, Nikola Mirotic, Taj Gibson",16,71,73,71,73,2125,2125,0,0,0,0
"41400213","CLE","Iman Shumpert, James Jones, LeBron James, Matthew Dellavedova, Tristan Thompson",16,65,65,68,66,1943,1993,3,1,2,50
"41400213","CHI","Derrick Rose, Kirk Hinrich, Mike Dunleavy, Nikola Mirotic, Taj Gibson",17,71,73,76,73,2125,2236,5,0,5,111
"41400213","CLE","James Jones, JR Smith, LeBron James, Matthew Dellavedova, Tristan Thompson",17,68,66,71,70,1993,2085,3,4,-1,92
"41400213","CHI","Derrick Rose, Jimmy Butler, Kirk Hinrich, Nikola Mirotic, Taj Gibson",18,76,73,82,77,2236,2427,6,4,2,191
"41400213","CLE","James Jones, JR Smith, Kyrie Irving, Matthew Dellavedova, Tristan Thompson",18,71,70,73,74,2085,2160,2,4,-2,75
"41400213","CHI","Derrick Rose, Jimmy Butler, Kirk Hinrich, Mike Dunleavy, Taj Gibson",19,82,77,92,93,2427,2839,10,16,-6,412
"41400213","CLE","James Jones, JR Smith, Kyrie Irving, Matthew Dellavedova, Timofey Mozgov",19,73,74,73,76,2160,2236,0,2,-2,76
"41400213","CHI","Derrick Rose, Jimmy Butler, Mike Dunleavy, Nikola Mirotic, Taj Gibson",20,92,93,94,93,2839,2847,2,0,2,8
"41400213","CLE","JR Smith, Kyrie Irving, LeBron James, Matthew Dellavedova, Timofey Mozgov",20,73,76,75,76,2236,2272,2,0,2,36
"41400213","CHI","Derrick Rose, Jimmy Butler, Kirk Hinrich, Mike Dunleavy, Taj Gibson",21,94,93,96,96,2847,2877,2,3,-1,30
"41400213","CLE","Iman Shumpert, JR Smith, Kyrie Irving, LeBron James, Timofey Mozgov",21,75,76,77,80,2272,2375,2,4,-2,103
"41400213","CHI","Derrick Rose, Jimmy Butler, Mike Dunleavy, Nikola Mirotic, Taj Gibson",22,96,96,99,96,2877,2880,3,0,3,3
"41400213","CLE","Iman Shumpert, JR Smith, Kyrie Irving, LeBron James, Tristan Thompson",22,77,80,96,99,2375,2880,19,19,0,505
"41400214","CHI","Derrick Rose, Jimmy Butler, Joakim Noah, Mike Dunleavy, Taj Gibson",0,0,0,18,16,0,517,18,16,2,517
"41400214","CLE","Iman Shumpert, Kyrie Irving, LeBron James, Timofey Mozgov, Tristan Thompson",0,0,0,13,10,0,369,13,10,3,369
"41400214","CHI","Aaron Brooks, Jimmy Butler, Joakim Noah, Mike Dunleavy, Taj Gibson",1,18,16,18,16,517,517,0,0,0,0
"41400214","CLE","JR Smith, Kyrie Irving, LeBron James, Timofey Mozgov, Tristan Thompson",1,13,10,16,18,369,517,3,8,-5,148
"41400214","CHI","Aaron Brooks, Jimmy Butler, Joakim Noah, Nikola Mirotic, Taj Gibson",2,18,16,18,16,517,517,0,0,0,0
"41400214","CLE","JR Smith, LeBron James, Matthew Dellavedova, Timofey Mozgov, Tristan Thompson",2,16,18,16,18,517,517,0,0,0,0
"41400214","CHI","Aaron Brooks, Jimmy Butler, Kirk Hinrich, Nikola Mirotic, Taj Gibson",3,18,16,22,20,517,643,4,4,0,126
"41400214","CLE","James Jones, JR Smith, LeBron James, Matthew Dellavedova, Tristan Thompson",3,16,18,22,23,517,668,6,5,1,151
"41400214","CHI","Aaron Brooks, Jimmy Butler, Joakim Noah, Kirk Hinrich, Nikola Mirotic",4,22,20,28,26,643,720,6,6,0,77
"41400214","CLE","Iman Shumpert, James Jones, JR Smith, LeBron James, Matthew Dellavedova",4,22,23,26,28,668,720,4,5,-1,52
"41400214","CHI","Aaron Brooks, Joakim Noah, Kirk Hinrich, Mike Dunleavy, Nikola Mirotic",5,28,26,28,28,720,775,0,2,-2,55
"41400214","CLE","James Jones, JR Smith, Kyrie Irving, Matthew Dellavedova, Timofey Mozgov",5,26,28,29,35,720,875,3,7,-4,155
"41400214","CHI","Derrick Rose, Joakim Noah, Kirk Hinrich, Mike Dunleavy, Nikola Mirotic",6,28,28,35,29,775,875,7,1,6,100
"41400214","CLE","James Jones, JR Smith, Kyrie Irving, Matthew Dellavedova, Tristan Thompson",6,29,35,29,35,875,875,0,0,0,0
"41400214","CHI","Derrick Rose, Jimmy Butler, Joakim Noah, Mike Dunleavy, Nikola Mirotic",7,35,29,37,33,875,1005,2,4,-2,130
"41400214","CLE","JR Smith, Kyrie Irving, LeBron James, Matthew Dellavedova, Tristan Thompson",7,29,35,29,37,875,891,0,2,-2,16
"41400214","CHI","Derrick Rose, Jimmy Butler, Joakim Noah, Mike Dunleavy, Taj Gibson",8,37,33,37,43,1005,1251,0,10,-10,246
"41400214","CLE","JR Smith, Kyrie Irving, LeBron James, Timofey Mozgov, Tristan Thompson",8,29,37,31,37,891,932,2,0,2,41
"41400214","CHI","Derrick Rose, Jimmy Butler, Joakim Noah, Taj Gibson, Tony Snell",9,37,43,37,43,1251,1251,0,0,0,0
"41400214","CLE","Iman Shumpert, Kyrie Irving, LeBron James, Timofey Mozgov, Tristan Thompson",9,31,37,41,37,932,1234,10,0,10,302
"41400214","CHI","Derrick Rose, Jimmy Butler, Nikola Mirotic, Taj Gibson, Tony Snell",10,37,43,45,49,1251,1419,8,6,2,168
"41400214","CLE","Iman Shumpert, James Jones, Kyrie Irving, LeBron James, Tristan Thompson",10,41,37,47,39,1234,1316,6,2,4,82
"41400214","CHI","Derrick Rose, Jimmy Butler, Joakim Noah, Nikola Mirotic, Tony Snell",11,45,49,45,49,1419,1419,0,0,0,0
"41400214","CLE","Iman Shumpert, James Jones, Kendrick Perkins, Kyrie Irving, LeBron James",11,47,39,49,45,1316,1419,2,6,-4,103
"41400214","CHI","Derrick Rose, Jimmy Butler, Joakim Noah, Kirk Hinrich, Tony Snell",12,45,49,45,49,1419,1440,0,0,0,21
"41400214","CLE","Iman Shumpert, James Jones, JR Smith, Kyrie Irving, LeBron James",12,49,45,49,45,1419,1440,0,0,0,21
"41400214","CHI","Derrick Rose, Jimmy Butler, Joakim Noah, Mike Dunleavy, Taj Gibson",13,45,49,57,57,1440,1802,12,8,4,362
"41400214","CLE","Iman Shumpert, Kyrie Irving, LeBron James, Timofey Mozgov, Tristan Thompson",13,49,45,57,61,1440,1867,8,16,-8,427
"41400214","CHI","Derrick Rose, Jimmy Butler, Joakim Noah, Taj Gibson, Tony Snell",14,57,57,63,57,1802,2067,6,0,6,265
"41400214","CLE","Iman Shumpert, LeBron James, Matthew Dellavedova, Timofey Mozgov, Tristan Thompson",14,57,61,57,61,1867,1867,0,0,0,0
"41400214","CHI","Derrick Rose, Jimmy Butler, Nikola Mirotic, Taj Gibson, Tony Snell",15,63,57,63,57,2067,2067,0,0,0,0
"41400214","CLE","JR Smith, LeBron James, Matthew Dellavedova, Timofey Mozgov, Tristan Thompson",15,57,61,57,63,1867,2037,0,2,-2,170
"41400214","CHI","Aaron Brooks, Jimmy Butler, Nikola Mirotic, Taj Gibson, Tony Snell",16,63,57,68,59,2067,2154,5,2,3,87
"41400214","CLE","JR Smith, Kyrie Irving, LeBron James, Matthew Dellavedova, Tristan Thompson",16,57,63,57,65,2037,2084,0,2,-2,47
"41400214","CHI","Aaron Brooks, Jimmy Butler, Kirk Hinrich, Nikola Mirotic, Tony Snell",17,68,59,68,61,2154,2160,0,2,-2,6
"41400214","CLE","JR Smith, Kyrie Irving, LeBron James, Matthew Dellavedova, Timofey Mozgov",17,57,65,65,68,2084,2294,8,3,5,210
"41400214","CHI","Aaron Brooks, Jimmy Butler, Joakim Noah, Nikola Mirotic, Tony Snell",18,68,61,68,61,2160,2210,0,0,0,50
"41400214","CLE","Iman Shumpert, JR Smith, Kyrie Irving, Matthew Dellavedova, Timofey Mozgov",18,65,68,68,70,2294,2430,3,2,1,136
"41400214","CHI","Derrick Rose, Jimmy Butler, Joakim Noah, Nikola Mirotic, Tony Snell",19,68,61,68,65,2210,2294,0,4,-4,84
"41400214","CLE","Iman Shumpert, JR Smith, Kyrie Irving, LeBron James, Timofey Mozgov",19,68,70,82,79,2430,2807,14,9,5,377
"41400214","CHI","Derrick Rose, Jimmy Butler, Joakim Noah, Mike Dunleavy, Tony Snell",20,68,65,70,68,2294,2430,2,3,-1,136
"41400214","CLE","Iman Shumpert, JR Smith, Kyrie Irving, LeBron James, Tristan Thompson",20,82,79,82,79,2807,2807,0,0,0,0
"41400214","CHI","Derrick Rose, Jimmy Butler, Mike Dunleavy, Taj Gibson, Tony Snell",21,70,68,73,80,2430,2637,3,12,-9,207
"41400214","CLE","Iman Shumpert, JR Smith, LeBron James, Matthew Dellavedova, Tristan Thompson",21,82,79,84,82,2807,2859,2,3,-1,52
"41400214","CHI","Derrick Rose, Jimmy Butler, Mike Dunleavy, Nikola Mirotic, Taj Gibson",22,73,80,74,80,2637,2679,1,0,1,42
"41400214","CLE","Iman Shumpert, JR Smith, Kyrie Irving, LeBron James, Matthew Dellavedova",22,84,82,84,82,2859,2859,0,0,0,0
"41400214","CHI","Derrick Rose, Jimmy Butler, Joakim Noah, Mike Dunleavy, Nikola Mirotic",23,74,80,79,82,2679,2788,5,2,3,109
"41400214","CLE","James Jones, JR Smith, Kyrie Irving, LeBron James, Matthew Dellavedova",23,84,82,84,82,2859,2866,0,0,0,7
"41400214","CHI","Derrick Rose, Jimmy Butler, Joakim Noah, Kirk Hinrich, Mike Dunleavy",24,79,82,79,82,2788,2807,0,0,0,19
"41400214","CLE","James Jones, JR Smith, LeBron James, Matthew Dellavedova, Tristan Thompson",24,84,82,84,82,2866,2866,0,0,0,0
"41400214","CHI","Derrick Rose, Jimmy Butler, Joakim Noah, Mike Dunleavy, Nikola Mirotic",25,79,82,84,84,2807,2879,5,2,3,72
"41400214","CLE","Iman Shumpert, JR Smith, LeBron James, Matthew Dellavedova, Tristan Thompson",25,84,82,84,84,2866,2879,0,2,-2,13
"41400214","CHI","Derrick Rose, Jimmy Butler, Joakim Noah, Mike Dunleavy, Tony Snell",26,84,84,84,86,2879,2880,0,2,-2,1
"41400214","CLE","JR Smith, Kyrie Irving, LeBron James, Matthew Dellavedova, Tristan Thompson",26,84,84,86,84,2879,2880,2,0,2,1
"41400215","CHI","Derrick Rose, Jimmy Butler, Joakim Noah, Mike Dunleavy, Taj Gibson",0,0,0,18,10,0,436,18,10,8,436
"41400215","CLE","Iman Shumpert, Kyrie Irving, LeBron James, Timofey Mozgov, Tristan Thompson",0,0,0,10,18,0,436,10,18,-8,436
"41400215","CHI","Derrick Rose, Joakim Noah, Mike Dunleavy, Taj Gibson, Tony Snell",1,18,10,18,14,436,525,0,4,-4,89
"41400215","CLE","JR Smith, Kyrie Irving, LeBron James, Timofey Mozgov, Tristan Thompson",1,10,18,17,22,436,583,7,4,3,147
"41400215","CHI","Derrick Rose, Mike Dunleavy, Nikola Mirotic, Taj Gibson, Tony Snell",2,18,14,18,14,525,525,0,0,0,0
"41400215","CLE","Iman Shumpert, JR Smith, Kyrie Irving, Timofey Mozgov, Tristan Thompson",2,17,22,17,22,583,609,0,0,0,26
"41400215","CHI","Derrick Rose, Kirk Hinrich, Nikola Mirotic, Taj Gibson, Tony Snell",3,18,14,24,25,525,720,6,11,-5,195
"41400215","CLE","Iman Shumpert, James Jones, JR Smith, Kyrie Irving, Tristan Thompson",3,17,22,25,24,609,720,8,2,6,111
"41400215","CHI","Aaron Brooks, Jimmy Butler, Joakim Noah, Kirk Hinrich, Nikola Mirotic",4,24,25,30,35,720,962,6,10,-4,242
"41400215","CLE","Iman Shumpert, JR Smith, LeBron James, Matthew Dellavedova, Timofey Mozgov",4,25,24,31,27,720,875,6,3,3,155
"41400215","CHI","Derrick Rose, Jimmy Butler, Joakim Noah, Kirk Hinrich, Nikola Mirotic",5,30,35,30,38,962,1005,0,3,-3,43
"41400215","CLE","James Jones, JR Smith, LeBron James, Matthew Dellavedova, Timofey Mozgov",5,31,27,38,30,875,1005,7,3,4,130
"41400215","CHI","Derrick Rose, Jimmy Butler, Joakim Noah, Kirk Hinrich, Mike Dunleavy",6,30,38,34,40,1005,1087,4,2,2,82
"41400215","CLE","Iman Shumpert, James Jones, JR Smith, Matthew Dellavedova, Timofey Mozgov",6,38,30,38,30,1005,1005,0,0,0,0
"41400215","CHI","Derrick Rose, Jimmy Butler, Kirk Hinrich, Mike Dunleavy, Taj Gibson",7,34,40,36,43,1087,1161,2,3,-1,74
"41400215","CLE","Iman Shumpert, James Jones, JR Smith, Kyrie Irving, Timofey Mozgov",7,38,30,40,34,1005,1087,2,4,-2,82
"41400215","CHI","Derrick Rose, Jimmy Butler, Joakim Noah, Mike Dunleavy, Taj Gibson",8,36,43,44,54,1161,1377,8,11,-3,216
"41400215","CLE","Iman Shumpert, James Jones, Kyrie Irving, Timofey Mozgov, Tristan Thompson",8,40,34,40,34,1087,1087,0,0,0,0
"41400215","CHI","Derrick Rose, Jimmy Butler, Mike Dunleavy, Nikola Mirotic, Taj Gibson",9,44,54,44,54,1377,1440,0,0,0,63
"41400215","CLE","Iman Shumpert, Kyrie Irving, LeBron James, Timofey Mozgov, Tristan Thompson",9,40,34,48,40,1087,1263,8,6,2,176
"41400215","CHI","Derrick Rose, Jimmy Butler, Joakim Noah, Mike Dunleavy, Taj Gibson",10,44,54,57,60,1440,1825,13,6,7,385
"41400215","CLE","Iman Shumpert, JR Smith, Kyrie Irving, LeBron James, Timofey Mozgov",10,48,40,52,42,1263,1349,4,2,2,86
"41400215","CHI","Derrick Rose, Jimmy Butler, Joakim Noah, Mike Dunleavy, Nikola Mirotic",11,57,60,68,74,1825,2100,11,14,-3,275
"41400215","CLE","Iman Shumpert, JR Smith, Kendrick Perkins, Kyrie Irving, LeBron James",11,52,42,54,44,1349,1440,2,2,0,91
"41400215","CHI","Aaron Brooks, Jimmy Butler, Joakim Noah, Mike Dunleavy, Nikola Mirotic",12,68,74,71,80,2100,2160,3,6,-3,60
"41400215","CLE","Iman Shumpert, Kyrie Irving, LeBron James, Timofey Mozgov, Tristan Thompson",12,54,44,54,50,1440,1583,0,6,-6,143
"41400215","CHI","Aaron Brooks, Kirk Hinrich, Mike Dunleavy, Nikola Mirotic, Taj Gibson",13,71,80,71,83,2160,2188,0,3,-3,28
"41400215","CLE","Iman Shumpert, James Jones, Kyrie Irving, LeBron James, Tristan Thompson",13,54,50,56,52,1583,1672,2,2,0,89
"41400215","CHI","Aaron Brooks, Derrick Rose, Kirk Hinrich, Nikola Mirotic, Taj Gibson",14,71,83,73,85,2188,2255,2,2,0,67
"41400215","CLE","Iman Shumpert, JR Smith, Kyrie Irving, LeBron James, Tristan Thompson",14,56,52,72,68,1672,2057,16,16,0,385
"41400215","CHI","Aaron Brooks, Derrick Rose, Joakim Noah, Kirk Hinrich, Nikola Mirotic",15,73,85,73,87,2255,2288,0,2,-2,33
"41400215","CLE","Iman Shumpert, JR Smith, LeBron James, Matthew Dellavedova, Tristan Thompson",15,72,68,80,71,2057,2160,8,3,5,103
"41400215","CHI","Derrick Rose, Jimmy Butler, Joakim Noah, Kirk Hinrich, Nikola Mirotic",16,73,87,78,92,2288,2377,5,5,0,89
"41400215","CLE","Iman Shumpert, JR Smith, Kyrie Irving, Matthew Dellavedova, Tristan Thompson",16,80,71,92,78,2160,2365,12,7,5,205
"41400215","CHI","Derrick Rose, Jimmy Butler, Joakim Noah, Kirk Hinrich, Mike Dunleavy",17,78,92,99,104,2377,2871,21,12,9,494
"41400215","CLE","JR Smith, Kyrie Irving, LeBron James, Matthew Dellavedova, Tristan Thompson",17,92,78,94,82,2365,2456,2,4,-2,91
"41400215","CHI","Derrick Rose, Jimmy Butler, Joakim Noah, Mike Dunleavy, Nikola Mirotic",18,99,104,101,106,2871,2880,2,2,0,9
"41400215","CLE","Iman Shumpert, JR Smith, LeBron James, Matthew Dellavedova, Tristan Thompson",18,94,82,97,88,2456,2583,3,6,-3,127
"41400215","CLE","Iman Shumpert, JR Smith, Kyrie Irving, LeBron James, Tristan Thompson",19,97,88,97,91,2583,2608,0,3,-3,25
"41400215","CLE","Iman Shumpert, Kyrie Irving, LeBron James, Matthew Dellavedova, Tristan Thompson",20,97,91,106,101,2608,2880,9,10,-1,272
"41400216","CHI","Derrick Rose, Jimmy Butler, Joakim Noah, Mike Dunleavy, Pau Gasol",0,0,0,16,17,0,438,16,17,-1,438
"41400216","CLE","Iman Shumpert, Kyrie Irving, LeBron James, Timofey Mozgov, Tristan Thompson",0,0,0,17,16,0,438,17,16,1,438
"41400216","CHI","Derrick Rose, Jimmy Butler, Joakim Noah, Mike Dunleavy, Taj Gibson",1,16,17,27,25,438,617,11,8,3,179
"41400216","CLE","JR Smith, Kyrie Irving, LeBron James, Timofey Mozgov, Tristan Thompson",1,17,16,18,22,438,501,1,6,-5,63
"41400216","CHI","Derrick Rose, Jimmy Butler, Joakim Noah, Kirk Hinrich, Mike Dunleavy",2,27,25,31,33,617,720,4,8,-4,103
"41400216","CLE","James Jones, JR Smith, Kyrie Irving, LeBron James, Tristan Thompson",2,18,22,30,29,501,696,12,7,5,195
"41400216","CHI","Aaron Brooks, Kirk Hinrich, Mike Dunleavy, Nikola Mirotic, Pau Gasol",3,31,33,35,35,720,853,4,2,2,133
"41400216","CLE","James Jones, JR Smith, LeBron James, Matthew Dellavedova, Tristan Thompson",3,30,29,30,29,696,696,0,0,0,0
"41400216","CHI","Aaron Brooks, Jimmy Butler, Kirk Hinrich, Nikola Mirotic, Pau Gasol",4,35,35,40,38,853,1042,5,3,2,189
"41400216","CLE","Iman Shumpert, James Jones, JR Smith, Matthew Dellavedova, Tristan Thompson",4,30,29,35,33,696,818,5,4,1,122
"41400216","CHI","Derrick Rose, Jimmy Butler, Kirk Hinrich, Nikola Mirotic, Pau Gasol",5,40,38,40,42,1042,1121,0,4,-4,79
"41400216","CLE","Iman Shumpert, James Jones, JR Smith, Kyrie Irving, Tristan Thompson",5,35,33,35,35,818,853,0,2,-2,35
"41400216","CHI","Derrick Rose, Jimmy Butler, Joakim Noah, Kirk Hinrich, Nikola Mirotic",6,40,42,40,47,1121,1169,0,5,-5,48
"41400216","CLE","Iman Shumpert, James Jones, JR Smith, LeBron James, Tristan Thompson",6,35,35,38,37,853,899,3,2,1,46
"41400216","CHI","Derrick Rose, Jimmy Butler, Joakim Noah, Kirk Hinrich, Mike Dunleavy",7,40,47,42,55,1169,1359,2,8,-6,190
"41400216","CLE","Iman Shumpert, James Jones, JR Smith, LeBron James, Timofey Mozgov",7,38,37,38,37,899,958,0,0,0,59
"41400216","CHI","Derrick Rose, Jimmy Butler, Joakim Noah, Mike Dunleavy, Tony Snell",8,42,55,44,58,1359,1440,2,3,-1,81
"41400216","CLE","Iman Shumpert, JR Smith, LeBron James, Matthew Dellavedova, Timofey Mozgov",8,38,37,47,42,958,1240,9,5,4,282
"41400216","CHI","Derrick Rose, Jimmy Butler, Joakim Noah, Mike Dunleavy, Pau Gasol",9,44,58,48,60,1440,1798,4,2,2,358
"41400216","CLE","Iman Shumpert, JR Smith, LeBron James, Matthew Dellavedova, Tristan Thompson",9,47,42,58,42,1240,1414,11,0,11,174
"41400216","CHI","Derrick Rose, Jimmy Butler, Joakim Noah, Mike Dunleavy, Taj Gibson",10,48,60,60,73,1798,2160,12,13,-1,362
"41400216","CLE","Iman Shumpert, James Jones, JR Smith, Matthew Dellavedova, Tristan Thompson",10,58,42,58,44,1414,1440,0,2,-2,26
"41400216","CHI","Aaron Brooks, Jimmy Butler, Joakim Noah, Kirk Hinrich, Taj Gibson",11,60,73,62,82,2160,2329,2,9,-7,169
"41400216","CLE","Iman Shumpert, LeBron James, Matthew Dellavedova, Timofey Mozgov, Tristan Thompson",11,58,44,58,46,1440,1730,0,2,-2,290
"41400216","CHI","Aaron Brooks, Jimmy Butler, Kirk Hinrich, Pau Gasol, Taj Gibson",12,62,82,64,84,2329,2448,2,2,0,119
"41400216","CLE","Iman Shumpert, JR Smith, LeBron James, Matthew Dellavedova, Tristan Thompson",12,58,46,82,62,1730,2329,24,16,8,599
"41400216","CHI","Derrick Rose, Jimmy Butler, Kirk Hinrich, Pau Gasol, Taj Gibson",13,64,84,64,90,2448,2544,0,6,-6,96
"41400216","CLE","JR Smith, LeBron James, Matthew Dellavedova, Timofey Mozgov, Tristan Thompson",13,82,62,84,64,2329,2448,2,2,0,119
"41400216","CHI","Derrick Rose, Jimmy Butler, Joakim Noah, Kirk Hinrich, Taj Gibson",14,64,90,64,90,2544,2544,0,0,0,0
"41400216","CLE","Iman Shumpert, JR Smith, Matthew Dellavedova, Timofey Mozgov, Tristan Thompson",14,84,64,90,64,2448,2544,6,0,6,96
"41400216","CHI","Derrick Rose, Jimmy Butler, Joakim Noah, Kirk Hinrich, Nikola Mirotic",15,64,90,66,93,2544,2635,2,3,-1,91
"41400216","CLE","JR Smith, LeBron James, Matthew Dellavedova, Timofey Mozgov, Tristan Thompson",15,90,64,94,71,2544,2744,4,7,-3,200
"41400216","CHI","Derrick Rose, Jimmy Butler, Joakim Noah, Nikola Mirotic, Tony Snell",16,66,93,71,94,2635,2744,5,1,4,109
"41400216","CLE","James Jones, JR Smith, Matthew Dellavedova, Timofey Mozgov, Tristan Thompson",16,94,71,94,71,2744,2744,0,0,0,0
"41400216","CHI","Derrick Rose, Doug McDermott, Jimmy Butler, Nikola Mirotic, Tony Snell",17,71,94,71,94,2744,2744,0,0,0,0
"41400216","CLE","James Jones, JR Smith, Kendrick Perkins, Matthew Dellavedova, Tristan Thompson",17,94,71,94,71,2744,2744,0,0,0,0
"41400216","CHI","Derrick Rose, Doug McDermott, Nazr Mohammed, Nikola Mirotic, Tony Snell",18,71,94,71,94,2744,2744,0,0,0,0
"41400216","CLE","James Jones, Joe Harris, JR Smith, Kendrick Perkins, Matthew Dellavedova",18,94,71,94,71,2744,2744,0,0,0,0
"41400216","CHI","Doug McDermott, E'Twaun Moore, Nazr Mohammed, Nikola Mirotic, Tony Snell",19,71,94,73,94,2744,2880,2,0,2,136
"41400216","CLE","James Jones, Joe Harris, Kendrick Perkins, Matthew Dellavedova, Mike Miller",19,94,71,94,73,2744,2880,0,2,-2,136
"41400221","GSW","Andrew Bogut, Draymond Green, Harrison Barnes, Klay Thompson, Stephen Curry",0,0,0,17,12,0,354,17,12,5,354
"41400221","MEM","Courtney Lee, Marc Gasol, Nick Calathes, Tony Allen, Zach Randolph",0,0,0,18,23,0,484,18,23,-5,484
"41400221","GSW","Andre Iguodala, Andrew Bogut, Draymond Green, Klay Thompson, Stephen Curry",1,17,12,23,18,354,484,6,6,0,130
"41400221","MEM","Courtney Lee, Jeff Green, Marc Gasol, Nick Calathes, Zach Randolph",1,18,23,18,23,484,484,0,0,0,0
"41400221","GSW","Andre Iguodala, Draymond Green, Festus Ezeli, Klay Thompson, Stephen Curry",2,23,18,23,18,484,484,0,0,0,0
"41400221","MEM","Beno Udrih, Courtney Lee, Jeff Green, Marc Gasol, Zach Randolph",2,18,23,20,30,484,599,2,7,-5,115
"41400221","GSW","Andre Iguodala, Draymond Green, Festus Ezeli, Leandro Barbosa, Stephen Curry",3,23,18,30,20,484,599,7,2,5,115
"41400221","MEM","Beno Udrih, Jeff Green, Marc Gasol, Vince Carter, Zach Randolph",3,20,30,25,32,599,720,5,2,3,121
"41400221","GSW","Andre Iguodala, Festus Ezeli, Harrison Barnes, Leandro Barbosa, Stephen Curry",4,30,20,32,25,599,720,2,5,-3,121
"41400221","MEM","Beno Udrih, Jeff Green, Kosta Koufos, Vince Carter, Zach Randolph",4,25,32,31,40,720,895,6,8,-2,175
"41400221","GSW","Andre Iguodala, Harrison Barnes, Leandro Barbosa, Marreese Speights, Shaun Livingston",5,32,25,39,29,720,863,7,4,3,143
"41400221","MEM","Beno Udrih, Jeff Green, Kosta Koufos, Tony Allen, Vince Carter",5,31,40,33,49,895,1050,2,9,-7,155
"41400221","GSW","Andre Iguodala, Harrison Barnes, Klay Thompson, Marreese Speights, Shaun Livingston",6,39,29,49,37,863,1096,10,8,2,233
"41400221","MEM","Beno Udrih, Jeff Green, Marc Gasol, Tony Allen, Vince Carter",6,33,49,37,49,1050,1096,4,0,4,46
"41400221","GSW","Andre Iguodala, Andrew Bogut, Harrison Barnes, Klay Thompson, Shaun Livingston",7,49,37,49,37,1096,1096,0,0,0,0
"41400221","MEM","Jeff Green, Marc Gasol, Nick Calathes, Tony Allen, Vince Carter",7,37,49,37,49,1096,1096,0,0,0,0
"41400221","GSW","Andrew Bogut, Harrison Barnes, Klay Thompson, Shaun Livingston, Stephen Curry",8,49,37,53,41,1096,1228,4,4,0,132
"41400221","MEM","Courtney Lee, Jeff Green, Marc Gasol, Nick Calathes, Tony Allen",8,37,49,41,53,1096,1228,4,4,0,132
"41400221","GSW","Andrew Bogut, Draymond Green, Klay Thompson, Shaun Livingston, Stephen Curry",9,53,41,55,47,1228,1333,2,6,-4,105
"41400221","MEM","Courtney Lee, Marc Gasol, Nick Calathes, Tony Allen, Zach Randolph",9,41,53,47,55,1228,1333,6,2,4,105
"41400221","GSW","Draymond Green, Festus Ezeli, Klay Thompson, Shaun Livingston, Stephen Curry",10,55,47,55,47,1333,1333,0,0,0,0
"41400221","MEM","Courtney Lee, Jeff Green, Marc Gasol, Tony Allen, Zach Randolph",10,47,55,52,61,1333,1424,5,6,-1,91
"41400221","GSW","Andre Iguodala, Draymond Green, Festus Ezeli, Klay Thompson, Stephen Curry",11,55,47,61,52,1333,1424,6,5,1,91
"41400221","MEM","Courtney Lee, Jeff Green, Marc Gasol, Nick Calathes, Tony Allen",11,52,61,52,61,1424,1440,0,0,0,16
"41400221","GSW","Andre Iguodala, Draymond Green, Klay Thompson, Marreese Speights, Stephen Curry",12,61,52,61,52,1424,1424,0,0,0,0
"41400221","MEM","Courtney Lee, Marc Gasol, Nick Calathes, Tony Allen, Zach Randolph",12,52,61,58,72,1440,1782,6,11,-5,342
"41400221","GSW","Andre Iguodala, Harrison Barnes, Klay Thompson, Marreese Speights, Stephen Curry",13,61,52,61,52,1424,1440,0,0,0,16
"41400221","MEM","Beno Udrih, Courtney Lee, Marc Gasol, Tony Allen, Zach Randolph",13,58,72,60,80,1782,1947,2,8,-6,165
"41400221","GSW","Andrew Bogut, Draymond Green, Harrison Barnes, Klay Thompson, Stephen Curry",14,61,52,74,58,1440,1823,13,6,7,383
"41400221","MEM","Courtney Lee, Marc Gasol, Tony Allen, Vince Carter, Zach Randolph",14,60,80,60,80,1947,1947,0,0,0,0
"41400221","GSW","Andrew Bogut, David Lee, Harrison Barnes, Klay Thompson, Stephen Curry",15,74,58,74,60,1823,1846,0,2,-2,23
"41400221","MEM","Courtney Lee, Jeff Green, Tony Allen, Vince Carter, Zach Randolph",15,60,80,66,83,1947,2160,6,3,3,213
"41400221","GSW","David Lee, Festus Ezeli, Harrison Barnes, Klay Thompson, Stephen Curry",16,74,60,80,60,1846,1947,6,0,6,101
"41400221","MEM","Beno Udrih, Courtney Lee, Jeff Green, Marc Gasol, Vince Carter",16,66,83,71,88,2160,2335,5,5,0,175
"41400221","GSW","Andre Iguodala, David Lee, Festus Ezeli, Klay Thompson, Stephen Curry",17,80,60,80,60,1947,1947,0,0,0,0
"41400221","MEM","Beno Udrih, Jeff Green, Marc Gasol, Tony Allen, Vince Carter",17,71,88,79,94,2335,2519,8,6,2,184
"41400221","GSW","Andre Iguodala, David Lee, Festus Ezeli, Leandro Barbosa, Stephen Curry",18,80,60,80,62,1947,2038,0,2,-2,91
"41400221","MEM","Jeff Green, Marc Gasol, Tony Allen, Vince Carter, Zach Randolph",18,79,94,81,96,2519,2557,2,2,0,38
"41400221","GSW","Andre Iguodala, Festus Ezeli, Leandro Barbosa, Shaun Livingston, Stephen Curry",19,80,62,83,66,2038,2160,3,4,-1,122
"41400221","MEM","Courtney Lee, Jeff Green, Marc Gasol, Tony Allen, Zach Randolph",19,81,96,83,101,2557,2720,2,5,-3,163
"41400221","GSW","Andre Iguodala, Klay Thompson, Leandro Barbosa, Marreese Speights, Shaun Livingston",20,83,66,89,73,2160,2373,6,7,-1,213
"41400221","MEM","Courtney Lee, Marc Gasol, Nick Calathes, Tony Allen, Zach Randolph",20,83,101,83,101,2720,2845,0,0,0,125
"41400221","GSW","Andre Iguodala, Draymond Green, Klay Thompson, Marreese Speights, Shaun Livingston",21,89,73,89,73,2373,2373,0,0,0,0
"41400221","MEM","Courtney Lee, Nick Calathes, Russ Smith, Tony Allen, Zach Randolph",21,83,101,83,101,2845,2845,0,0,0,0
"41400221","GSW","Andre Iguodala, Draymond Green, Klay Thompson, Marreese Speights, Stephen Curry",22,89,73,94,79,2373,2519,5,6,-1,146
"41400221","MEM","Courtney Lee, Jordan Adams, Nick Calathes, Russ Smith, Zach Randolph",22,83,101,83,101,2845,2845,0,0,0,0
"41400221","GSW","Andre Iguodala, Andrew Bogut, Draymond Green, Klay Thompson, Stephen Curry",23,94,79,101,83,2519,2845,7,4,3,326
"41400221","MEM","Courtney Lee, JaMychal Green, Jordan Adams, Nick Calathes, Russ Smith",23,83,101,86,101,2845,2880,3,0,3,35
"41400221","GSW","Andre Iguodala, Draymond Green, Festus Ezeli, Klay Thompson, Stephen Curry",24,101,83,101,83,2845,2845,0,0,0,0
"41400221","GSW","Andre Iguodala, Draymond Green, Festus Ezeli, Justin Holiday, Stephen Curry",25,101,83,101,83,2845,2845,0,0,0,0
"41400221","GSW","Andre Iguodala, Draymond Green, Festus Ezeli, Justin Holiday, Leandro Barbosa",26,101,83,101,83,2845,2845,0,0,0,0
"41400221","GSW","Andre Iguodala, Festus Ezeli, James Michael McAdoo, Justin Holiday, Leandro Barbosa",27,101,83,101,86,2845,2880,0,3,-3,35
"41400222","GSW","Andrew Bogut, Draymond Green, Harrison Barnes, Klay Thompson, Stephen Curry",0,0,0,4,10,0,189,4,10,-6,189
"41400222","MEM","Courtney Lee, Marc Gasol, Mike Conley, Tony Allen, Zach Randolph",0,0,0,14,11,0,367,14,11,3,367
"41400222","GSW","Andrew Bogut, David Lee, Harrison Barnes, Klay Thompson, Stephen Curry",1,4,10,11,14,189,367,7,4,3,178
"41400222","MEM","Beno Udrih, Courtney Lee, Marc Gasol, Tony Allen, Zach Randolph",1,14,11,14,11,367,367,0,0,0,0
"41400222","GSW","Andre Iguodala, Andrew Bogut, David Lee, Klay Thompson, Stephen Curry",2,11,14,11,16,367,416,0,2,-2,49
"41400222","MEM","Beno Udrih, Courtney Lee, Kosta Koufos, Tony Allen, Zach Randolph",2,14,11,20,13,367,499,6,2,4,132
"41400222","GSW","Andre Iguodala, David Lee, Festus Ezeli, Klay Thompson, Stephen Curry",3,11,16,13,20,416,499,2,4,-2,83
"41400222","MEM","Beno Udrih, Courtney Lee, Jeff Green, Kosta Koufos, Zach Randolph",3,20,13,22,13,499,563,2,0,2,64
"41400222","GSW","Andre Iguodala, David Lee, Festus Ezeli, Leandro Barbosa, Stephen Curry",4,13,20,13,20,499,499,0,0,0,0
"41400222","MEM","Beno Udrih, Courtney Lee, Jeff Green, Kosta Koufos, Vince Carter",4,22,13,28,22,563,720,6,9,-3,157
"41400222","GSW","Andre Iguodala, Festus Ezeli, Harrison Barnes, Leandro Barbosa, Stephen Curry",5,13,20,22,28,499,720,9,8,1,221
"41400222","MEM","Beno Udrih, Jeff Green, Kosta Koufos, Marc Gasol, Vince Carter",5,28,22,30,28,720,843,2,6,-4,123
"41400222","GSW","Andre Iguodala, Draymond Green, Leandro Barbosa, Marreese Speights, Shaun Livingston",6,22,28,30,32,720,906,8,4,4,186
"41400222","MEM","Jeff Green, Kosta Koufos, Marc Gasol, Mike Conley, Vince Carter",6,30,28,32,30,843,936,2,2,0,93
"41400222","GSW","Andre Iguodala, Draymond Green, Klay Thompson, Marreese Speights, Shaun Livingston",7,30,32,30,36,906,1006,0,4,-4,100
"41400222","MEM","Jeff Green, Kosta Koufos, Marc Gasol, Mike Conley, Tony Allen",7,32,30,36,30,936,1006,4,0,4,70
"41400222","GSW","Andre Iguodala, Andrew Bogut, Draymond Green, Klay Thompson, Shaun Livingston",8,30,36,30,36,1006,1006,0,0,0,0
"41400222","MEM","Jeff Green, Marc Gasol, Mike Conley, Tony Allen, Vince Carter",8,36,30,36,30,1006,1015,0,0,0,9
"41400222","GSW","Andrew Bogut, Draymond Green, Klay Thompson, Shaun Livingston, Stephen Curry",9,30,36,35,38,1006,1180,5,2,3,174
"41400222","MEM","Jeff Green, Mike Conley, Tony Allen, Vince Carter, Zach Randolph",9,36,30,36,32,1015,1142,0,2,-2,127
"41400222","GSW","Andrew Bogut, Draymond Green, Harrison Barnes, Klay Thompson, Stephen Curry",10,35,38,39,41,1180,1355,4,3,1,175
"41400222","MEM","Courtney Lee, Jeff Green, Mike Conley, Tony Allen, Zach Randolph",10,36,32,41,35,1142,1260,5,3,2,118
"41400222","GSW","Andre Iguodala, Andrew Bogut, Harrison Barnes, Klay Thompson, Stephen Curry",11,39,41,39,50,1355,1440,0,9,-9,85
"41400222","MEM","Courtney Lee, Jeff Green, Marc Gasol, Tony Allen, Zach Randolph",11,41,35,41,35,1260,1260,0,0,0,0
"41400222","GSW","Andrew Bogut, Draymond Green, Harrison Barnes, Klay Thompson, Stephen Curry",12,39,50,45,61,1440,1750,6,11,-5,310
"41400222","MEM","Beno Udrih, Courtney Lee, Marc Gasol, Tony Allen, Zach Randolph",12,41,35,48,39,1260,1406,7,4,3,146
"41400222","GSW","Andre Iguodala, Draymond Green, Harrison Barnes, Klay Thompson, Stephen Curry",13,45,61,54,65,1750,1917,9,4,5,167
"41400222","MEM","Beno Udrih, Courtney Lee, Jeff Green, Tony Allen, Zach Randolph",13,48,39,50,39,1406,1440,2,0,2,34
"41400222","GSW","Andre Iguodala, Draymond Green, Harrison Barnes, Leandro Barbosa, Stephen Curry",14,54,65,63,73,1917,2160,9,8,1,243
"41400222","MEM","Courtney Lee, Marc Gasol, Mike Conley, Tony Allen, Zach Randolph",14,50,39,62,50,1440,1839,12,11,1,399
"41400222","GSW","Andre Iguodala, Draymond Green, Harrison Barnes, Leandro Barbosa, Shaun Livingston",15,63,73,68,77,2160,2311,5,4,1,151
"41400222","MEM","Beno Udrih, Courtney Lee, Marc Gasol, Tony Allen, Zach Randolph",15,62,50,65,54,1839,1917,3,4,-1,78
"41400222","GSW","Andre Iguodala, Draymond Green, Leandro Barbosa, Shaun Livingston, Stephen Curry",16,68,77,70,77,2311,2341,2,0,2,30
"41400222","MEM","Beno Udrih, Courtney Lee, Jeff Green, Marc Gasol, Tony Allen",16,65,54,67,54,1917,1940,2,0,2,23
"41400222","GSW","Andre Iguodala, Draymond Green, Klay Thompson, Shaun Livingston, Stephen Curry",17,70,77,72,81,2341,2452,2,4,-2,111
"41400222","MEM","Beno Udrih, Courtney Lee, Jeff Green, Marc Gasol, Vince Carter",17,67,54,71,63,1940,2122,4,9,-5,182
"41400222","GSW","Andre Iguodala, Andrew Bogut, Draymond Green, Klay Thompson, Stephen Curry",18,72,81,74,83,2452,2501,2,2,0,49
"41400222","MEM","Beno Udrih, Courtney Lee, Jeff Green, Tony Allen, Vince Carter",18,71,63,73,63,2122,2160,2,0,2,38
"41400222","GSW","Andrew Bogut, Draymond Green, Harrison Barnes, Klay Thompson, Stephen Curry",19,74,83,80,90,2501,2749,6,7,-1,248
"41400222","MEM","Beno Udrih, Jeff Green, Tony Allen, Vince Carter, Zach Randolph",19,73,63,79,71,2160,2418,6,8,-2,258
"41400222","GSW","Andre Iguodala, Draymond Green, Harrison Barnes, Klay Thompson, Stephen Curry",20,80,90,90,97,2749,2880,10,7,3,131
"41400222","MEM","Jeff Green, Mike Conley, Tony Allen, Vince Carter, Zach Randolph",20,79,71,83,74,2418,2501,4,3,1,83
"41400222","MEM","Jeff Green, Marc Gasol, Mike Conley, Tony Allen, Zach Randolph",21,83,74,87,78,2501,2653,4,4,0,152
"41400222","MEM","Courtney Lee, Marc Gasol, Mike Conley, Tony Allen, Zach Randolph",22,87,78,92,82,2653,2817,5,4,1,164
"41400222","MEM","Courtney Lee, Marc Gasol, Nick Calathes, Tony Allen, Zach Randolph",23,92,82,92,82,2817,2817,0,0,0,0
"41400222","MEM","Courtney Lee, Jeff Green, Marc Gasol, Tony Allen, Zach Randolph",24,92,82,92,84,2817,2826,0,2,-2,9
"41400222","MEM","Courtney Lee, Marc Gasol, Mike Conley, Tony Allen, Zach Randolph",25,92,84,92,85,2826,2830,0,1,-1,4
"41400222","MEM","Courtney Lee, Marc Gasol, Mike Conley, Vince Carter, Zach Randolph",26,92,85,95,85,2830,2847,3,0,3,17
"41400222","MEM","Courtney Lee, Marc Gasol, Mike Conley, Tony Allen, Zach Randolph",27,95,85,95,85,2847,2847,0,0,0,0
"41400222","MEM","Courtney Lee, Jeff Green, Marc Gasol, Mike Conley, Tony Allen",28,95,85,97,90,2847,2880,2,5,-3,33
"41400223","GSW","Andrew Bogut, Draymond Green, Harrison Barnes, Klay Thompson, Stephen Curry",0,0,0,15,12,0,402,15,12,3,402
"41400223","MEM","Courtney Lee, Marc Gasol, Mike Conley, Tony Allen, Zach Randolph",0,0,0,15,17,0,452,15,17,-2,452
"41400223","GSW","Andre Iguodala, Andrew Bogut, Draymond Green, Klay Thompson, Stephen Curry",1,15,12,15,12,402,416,0,0,0,14
"41400223","MEM","Courtney Lee, Jeff Green, Marc Gasol, Mike Conley, Zach Randolph",1,15,17,17,17,452,519,2,0,2,67
"41400223","GSW","Andre Iguodala, Andrew Bogut, Draymond Green, Leandro Barbosa, Stephen Curry",2,15,12,17,17,416,519,2,5,-3,103
"41400223","MEM","Courtney Lee, Jeff Green, Kosta Koufos, Mike Conley, Zach Randolph",2,17,17,17,17,519,578,0,0,0,59
"41400223","GSW","Andre Iguodala, Andrew Bogut, Festus Ezeli, Leandro Barbosa, Stephen Curry",3,17,17,17,17,519,519,0,0,0,0
"41400223","MEM","Beno Udrih, Courtney Lee, Jeff Green, Kosta Koufos, Zach Randolph",3,17,17,19,17,578,625,2,0,2,47
"41400223","GSW","Andre Iguodala, Festus Ezeli, Harrison Barnes, Leandro Barbosa, Stephen Curry",4,17,17,17,19,519,605,0,2,-2,86
"41400223","MEM","Beno Udrih, Courtney Lee, Jeff Green, Kosta Koufos, Vince Carter",4,19,17,23,20,625,720,4,3,1,95
"41400223","GSW","Andre Iguodala, Festus Ezeli, Harrison Barnes, Leandro Barbosa, Shaun Livingston",5,17,19,17,19,605,625,0,0,0,20
"41400223","MEM","Beno Udrih, Jeff Green, Kosta Koufos, Marc Gasol, Vince Carter",5,23,20,31,24,720,905,8,4,4,185
"41400223","GSW","Andre Iguodala, Harrison Barnes, Leandro Barbosa, Marreese Speights, Shaun Livingston",6,17,19,20,23,625,720,3,4,-1,95
"41400223","MEM","Beno Udrih, Jeff Green, Marc Gasol, Tony Allen, Vince Carter",6,31,24,35,24,905,973,4,0,4,68
"41400223","GSW","Andre Iguodala, Harrison Barnes, Klay Thompson, Marreese Speights, Shaun Livingston",7,20,23,20,27,720,804,0,4,-4,84
"41400223","MEM","Jeff Green, Marc Gasol, Mike Conley, Tony Allen, Vince Carter",7,35,24,40,26,973,1054,5,2,3,81
"41400223","GSW","Andre Iguodala, Andrew Bogut, Klay Thompson, Marreese Speights, Shaun Livingston",8,20,27,20,27,804,804,0,0,0,0
"41400223","MEM","Jeff Green, Marc Gasol, Mike Conley, Tony Allen, Zach Randolph",8,40,26,49,32,1054,1215,9,6,3,161
"41400223","GSW","Andre Iguodala, Andrew Bogut, Draymond Green, Klay Thompson, Shaun Livingston",9,20,27,24,31,804,905,4,4,0,101
"41400223","MEM","Courtney Lee, Marc Gasol, Mike Conley, Tony Allen, Zach Randolph",9,49,32,49,32,1215,1215,0,0,0,0
"41400223","GSW","Andre Iguodala, Andrew Bogut, Draymond Green, Klay Thompson, Stephen Curry",10,24,31,24,35,905,973,0,4,-4,68
"41400223","MEM","Beno Udrih, Courtney Lee, Marc Gasol, Tony Allen, Zach Randolph",10,49,32,53,37,1215,1369,4,5,-1,154
"41400223","GSW","Andrew Bogut, Draymond Green, Harrison Barnes, Klay Thompson, Stephen Curry",11,24,35,32,49,973,1215,8,14,-6,242
"41400223","MEM","Courtney Lee, Marc Gasol, Mike Conley, Tony Allen, Zach Randolph",11,53,37,64,54,1369,1819,11,17,-6,450
"41400223","GSW","Andre Iguodala, Draymond Green, Harrison Barnes, Klay Thompson, Stephen Curry",12,32,49,37,53,1215,1369,5,4,1,154
"41400223","MEM","Courtney Lee, Jeff Green, Marc Gasol, Mike Conley, Zach Randolph",12,64,54,67,56,1819,1941,3,2,1,122
"41400223","GSW","Andre Iguodala, Festus Ezeli, Harrison Barnes, Klay Thompson, Stephen Curry",13,37,53,39,55,1369,1440,2,2,0,71
"41400223","MEM","Courtney Lee, Jeff Green, Kosta Koufos, Mike Conley, Zach Randolph",13,67,56,74,60,1941,2052,7,4,3,111
"41400223","GSW","Andrew Bogut, Draymond Green, Harrison Barnes, Klay Thompson, Stephen Curry",14,39,55,54,62,1440,1779,15,7,8,339
"41400223","MEM","Beno Udrih, Courtney Lee, Jeff Green, Kosta Koufos, Zach Randolph",14,74,60,79,62,2052,2127,5,2,3,75
"41400223","GSW","Andrew Bogut, Draymond Green, Harrison Barnes, Leandro Barbosa, Stephen Curry",15,54,62,54,64,1779,1819,0,2,-2,40
"41400223","MEM","Beno Udrih, Jeff Green, Kosta Koufos, Tony Allen, Zach Randolph",15,79,62,79,64,2127,2135,0,2,-2,8
"41400223","GSW","Draymond Green, Festus Ezeli, Harrison Barnes, Leandro Barbosa, Stephen Curry",16,54,64,58,72,1819,2004,4,8,-4,185
"41400223","MEM","Beno Udrih, Courtney Lee, Jeff Green, Kosta Koufos, Zach Randolph",16,79,64,79,64,2135,2135,0,0,0,0
"41400223","GSW","Andre Iguodala, Festus Ezeli, Harrison Barnes, Leandro Barbosa, Stephen Curry",17,58,72,62,79,2004,2127,4,7,-3,123
"41400223","MEM","Beno Udrih, Courtney Lee, Jeff Green, Vince Carter, Zach Randolph",17,79,64,79,64,2135,2160,0,0,0,25
"41400223","GSW","Andre Iguodala, Harrison Barnes, Leandro Barbosa, Marreese Speights, Stephen Curry",18,62,79,62,79,2127,2127,0,0,0,0
"41400223","MEM","Beno Udrih, Jeff Green, Kosta Koufos, Vince Carter, Zach Randolph",18,79,64,83,68,2160,2283,4,4,0,123
"41400223","GSW","Andre Iguodala, Harrison Barnes, Klay Thompson, Marreese Speights, Stephen Curry",19,62,79,64,79,2127,2135,2,0,2,8
"41400223","MEM","Beno Udrih, Jeff Green, Kosta Koufos, Tony Allen, Vince Carter",19,83,68,85,71,2283,2367,2,3,-1,84
"41400223","GSW","Andre Iguodala, Harrison Barnes, Marreese Speights, Shaun Livingston, Stephen Curry",20,64,79,64,79,2135,2135,0,0,0,0
"41400223","MEM","Beno Udrih, Kosta Koufos, Marc Gasol, Tony Allen, Vince Carter",20,85,71,85,71,2367,2438,0,0,0,71
"41400223","GSW","Andre Iguodala, Festus Ezeli, Harrison Barnes, Shaun Livingston, Stephen Curry",21,64,79,64,79,2135,2160,0,0,0,25
"41400223","MEM","Kosta Koufos, Marc Gasol, Mike Conley, Tony Allen, Vince Carter",21,85,71,85,73,2438,2505,0,2,-2,67
"41400223","GSW","Andre Iguodala, Draymond Green, Klay Thompson, Marreese Speights, Shaun Livingston",22,64,79,70,83,2160,2307,6,4,2,147
"41400223","MEM","Marc Gasol, Mike Conley, Tony Allen, Vince Carter, Zach Randolph",22,85,73,85,73,2505,2505,0,0,0,0
"41400223","GSW","Andre Iguodala, Draymond Green, Harrison Barnes, Klay Thompson, Shaun Livingston",23,70,83,71,85,2307,2367,1,2,-1,60
"41400223","MEM","Jeff Green, Marc Gasol, Mike Conley, Tony Allen, Zach Randolph",23,85,73,88,81,2505,2636,3,8,-5,131
"41400223","GSW","Andre Iguodala, Draymond Green, Harrison Barnes, Klay Thompson, Stephen Curry",24,71,85,89,99,2367,2880,18,14,4,513
"41400223","MEM","Courtney Lee, Marc Gasol, Mike Conley, Tony Allen, Zach Randolph",24,88,81,93,88,2636,2775,5,7,-2,139
"41400223","MEM","Courtney Lee, Jeff Green, Mike Conley, Tony Allen, Zach Randolph",25,93,88,97,89,2775,2847,4,1,3,72
"41400223","MEM","Beno Udrih, Courtney Lee, Jeff Green, Mike Conley, Zach Randolph",26,97,89,99,89,2847,2850,2,0,2,3
"41400223","MEM","Courtney Lee, Jeff Green, Mike Conley, Tony Allen, Zach Randolph",27,99,89,99,89,2850,2880,0,0,0,30
"41400224","GSW","Andrew Bogut, Draymond Green, Harrison Barnes, Klay Thompson, Stephen Curry",0,0,0,18,16,0,541,18,16,2,541
"41400224","MEM","Courtney Lee, Marc Gasol, Mike Conley, Tony Allen, Zach Randolph",0,0,0,9,14,0,393,9,14,-5,393
"41400224","GSW","Andre Iguodala, Andrew Bogut, Draymond Green, Klay Thompson, Stephen Curry",1,18,16,18,16,541,541,0,0,0,0
"41400224","MEM","Courtney Lee, Jeff Green, Marc Gasol, Mike Conley, Zach Randolph",1,9,14,16,18,393,541,7,4,3,148
"41400224","GSW","Andre Iguodala, David Lee, Draymond Green, Klay Thompson, Stephen Curry",2,18,16,18,16,541,541,0,0,0,0
"41400224","MEM","Courtney Lee, Jeff Green, Kosta Koufos, Mike Conley, Zach Randolph",2,16,18,16,18,541,541,0,0,0,0
"41400224","GSW","Andre Iguodala, David Lee, Draymond Green, Shaun Livingston, Stephen Curry",3,18,16,28,20,541,720,10,4,6,179
"41400224","MEM","Beno Udrih, Courtney Lee, Jeff Green, Kosta Koufos, Zach Randolph",3,16,18,20,23,541,664,4,5,-1,123
"41400224","GSW","Andre Iguodala, David Lee, Harrison Barnes, Klay Thompson, Shaun Livingston",4,28,20,38,32,720,960,10,12,-2,240
"41400224","MEM","Beno Udrih, Jeff Green, Kosta Koufos, Vince Carter, Zach Randolph",4,20,23,20,28,664,720,0,5,-5,56
"41400224","GSW","Andre Iguodala, Andrew Bogut, David Lee, Klay Thompson, Shaun Livingston",5,38,32,38,32,960,960,0,0,0,0
"41400224","MEM","Beno Udrih, Jeff Green, Kosta Koufos, Marc Gasol, Vince Carter",5,20,28,24,34,720,866,4,6,-2,146
"41400224","GSW","Andre Iguodala, Andrew Bogut, Draymond Green, Klay Thompson, Shaun Livingston",6,38,32,38,32,960,960,0,0,0,0
"41400224","MEM","Beno Udrih, Jeff Green, Marc Gasol, Tony Allen, Vince Carter",6,24,34,33,41,866,1008,9,7,2,142
"41400224","GSW","Andre Iguodala, Andrew Bogut, Draymond Green, Klay Thompson, Stephen Curry",7,38,32,45,33,960,1090,7,1,6,130
"41400224","MEM","Jeff Green, Marc Gasol, Mike Conley, Tony Allen, Vince Carter",7,33,41,33,45,1008,1090,0,4,-4,82
"41400224","GSW","Andrew Bogut, Draymond Green, Harrison Barnes, Klay Thompson, Stephen Curry",8,45,33,47,37,1090,1182,2,4,-2,92
"41400224","MEM","Marc Gasol, Mike Conley, Tony Allen, Vince Carter, Zach Randolph",8,33,45,33,47,1090,1138,0,2,-2,48
"41400224","GSW","Andrew Bogut, David Lee, Harrison Barnes, Klay Thompson, Stephen Curry",9,47,37,61,44,1182,1434,14,7,7,252
"41400224","MEM","Courtney Lee, Marc Gasol, Mike Conley, Vince Carter, Zach Randolph",9,33,47,40,52,1138,1276,7,5,2,138
"41400224","GSW","Andrew Bogut, Festus Ezeli, Harrison Barnes, Klay Thompson, Stephen Curry",10,61,44,61,44,1434,1440,0,0,0,6
"41400224","MEM","Courtney Lee, Jeff Green, Marc Gasol, Mike Conley, Zach Randolph",10,40,52,44,61,1276,1440,4,9,-5,164
"41400224","GSW","Andrew Bogut, Draymond Green, Harrison Barnes, Klay Thompson, Stephen Curry",11,61,44,74,49,1440,1857,13,5,8,417
"41400224","MEM","Courtney Lee, Marc Gasol, Mike Conley, Tony Allen, Zach Randolph",11,44,61,49,68,1440,1716,5,7,-2,276
"41400224","GSW","Andre Iguodala, Andrew Bogut, Draymond Green, Klay Thompson, Stephen Curry",12,74,49,74,49,1857,1857,0,0,0,0
"41400224","MEM","Courtney Lee, Jeff Green, Marc Gasol, Mike Conley, Zach Randolph",12,49,68,49,74,1716,1857,0,6,-6,141
"41400224","GSW","Andre Iguodala, David Lee, Draymond Green, Klay Thompson, Stephen Curry",13,74,49,77,54,1857,1979,3,5,-2,122
"41400224","MEM","Courtney Lee, Jeff Green, Marc Gasol, Mike Conley, Vince Carter",13,49,74,56,77,1857,2025,7,3,4,168
"41400224","GSW","Andre Iguodala, David Lee, Harrison Barnes, Klay Thompson, Stephen Curry",14,77,54,77,56,1979,2025,0,2,-2,46
"41400224","MEM","Beno Udrih, Courtney Lee, Jeff Green, Marc Gasol, Vince Carter",14,56,77,64,82,2025,2150,8,5,3,125
"41400224","GSW","Andre Iguodala, David Lee, Harrison Barnes, Shaun Livingston, Stephen Curry",15,77,56,77,59,2025,2064,0,3,-3,39
"41400224","MEM","Courtney Lee, Jeff Green, Marc Gasol, Tony Allen, Vince Carter",15,64,82,64,82,2150,2160,0,0,0,10
"41400224","GSW","Andre Iguodala, Festus Ezeli, Harrison Barnes, Shaun Livingston, Stephen Curry",16,77,59,82,64,2064,2150,5,5,0,86
"41400224","MEM","Beno Udrih, Courtney Lee, Jeff Green, Marc Gasol, Vince Carter",16,64,82,67,87,2160,2291,3,5,-2,131
"41400224","GSW","Andre Iguodala, Festus Ezeli, Harrison Barnes, Klay Thompson, Stephen Curry",17,82,64,82,64,2150,2150,0,0,0,0
"41400224","MEM","Beno Udrih, Jeff Green, Marc Gasol, Mike Conley, Vince Carter",17,67,87,67,87,2291,2322,0,0,0,31
"41400224","GSW","Andre Iguodala, Draymond Green, Harrison Barnes, Klay Thompson, Stephen Curry",18,82,64,82,64,2150,2160,0,0,0,10
"41400224","MEM","Beno Udrih, Jeff Green, Mike Conley, Vince Carter, Zach Randolph",18,67,87,75,92,2322,2540,8,5,3,218
"41400224","GSW","Andre Iguodala, Draymond Green, Harrison Barnes, Klay Thompson, Shaun Livingston",19,82,64,87,67,2160,2322,5,3,2,162
"41400224","MEM","Jeff Green, Marc Gasol, Mike Conley, Vince Carter, Zach Randolph",19,75,92,77,97,2540,2684,2,5,-3,144
"41400224","GSW","Andre Iguodala, Andrew Bogut, Draymond Green, Klay Thompson, Shaun Livingston",20,87,67,89,69,2322,2369,2,2,0,47
"41400224","MEM","JaMychal Green, Jeff Green, Marc Gasol, Mike Conley, Vince Carter",20,77,97,77,98,2684,2700,0,1,-1,16
"41400224","GSW","Andre Iguodala, Andrew Bogut, Draymond Green, Klay Thompson, Stephen Curry",21,89,69,97,77,2369,2684,8,8,0,315
"41400224","MEM","JaMychal Green, Jeff Green, Mike Conley, Nick Calathes, Vince Carter",21,77,98,77,98,2700,2700,0,0,0,0
"41400224","GSW","Andre Iguodala, Draymond Green, Harrison Barnes, Klay Thompson, Stephen Curry",22,97,77,98,77,2684,2700,1,0,1,16
"41400224","MEM","Beno Udrih, JaMychal Green, Jeff Green, Nick Calathes, Vince Carter",22,77,98,77,98,2700,2700,0,0,0,0
"41400224","GSW","Andre Iguodala, Draymond Green, Harrison Barnes, Shaun Livingston, Stephen Curry",23,98,77,98,79,2700,2764,0,2,-2,64
"41400224","MEM","Beno Udrih, JaMychal Green, Jeff Green, Jon Leuer, Nick Calathes",23,77,98,79,98,2700,2764,2,0,2,64
"41400224","GSW","Andre Iguodala, Harrison Barnes, Leandro Barbosa, Shaun Livingston, Stephen Curry",24,98,79,98,79,2764,2764,0,0,0,0
"41400224","MEM","JaMychal Green, Jeff Green, Jon Leuer, Jordan Adams, Nick Calathes",24,79,98,84,101,2764,2880,5,3,2,116
"41400224","GSW","Andre Iguodala, Harrison Barnes, Justin Holiday, Leandro Barbosa, Shaun Livingston",25,98,79,98,79,2764,2764,0,0,0,0
"41400224","GSW","Harrison Barnes, James Michael McAdoo, Justin Holiday, Leandro Barbosa, Shaun Livingston",26,98,79,98,81,2764,2778,0,2,-2,14
"41400224","GSW","Brandon Rush, James Michael McAdoo, Justin Holiday, Leandro Barbosa, Shaun Livingston",27,98,81,101,84,2778,2880,3,3,0,102
"41400225","GSW","Andrew Bogut, Draymond Green, Harrison Barnes, Klay Thompson, Stephen Curry",0,0,0,10,21,0,430,10,21,-11,430
"41400225","MEM","Courtney Lee, Jeff Green, Marc Gasol, Mike Conley, Zach Randolph",0,0,0,21,10,0,443,21,10,11,443
"41400225","GSW","Andre Iguodala, Andrew Bogut, Harrison Barnes, Klay Thompson, Stephen Curry",1,10,21,10,21,430,485,0,0,0,55
"41400225","MEM","Beno Udrih, Courtney Lee, Jeff Green, Marc Gasol, Zach Randolph",1,21,10,21,10,443,485,0,0,0,42
"41400225","GSW","Andre Iguodala, Andrew Bogut, Harrison Barnes, Shaun Livingston, Stephen Curry",2,10,21,15,23,485,558,5,2,3,73
"41400225","MEM","Beno Udrih, Courtney Lee, Marc Gasol, Vince Carter, Zach Randolph",2,21,10,23,15,485,558,2,5,-3,73
"41400225","GSW","Andre Iguodala, Draymond Green, Harrison Barnes, Shaun Livingston, Stephen Curry",3,15,23,15,25,558,603,0,2,-2,45
"41400225","MEM","Beno Udrih, Courtney Lee, Kosta Koufos, Vince Carter, Zach Randolph",3,23,15,25,26,558,720,2,11,-9,162
"41400225","GSW","Andre Iguodala, David Lee, Draymond Green, Shaun Livingston, Stephen Curry",4,15,25,26,25,603,720,11,0,11,117
"41400225","MEM","Beno Udrih, Jeff Green, Kosta Koufos, Vince Carter, Zach Randolph",4,25,26,28,28,720,801,3,2,1,81
"41400225","GSW","Andre Iguodala, David Lee, Draymond Green, Klay Thompson, Shaun Livingston",5,26,25,28,28,720,801,2,3,-1,81
"41400225","MEM","Beno Udrih, Jeff Green, Kosta Koufos, Marc Gasol, Vince Carter",5,28,28,30,31,801,856,2,3,-1,55
"41400225","GSW","Andre Iguodala, David Lee, Harrison Barnes, Klay Thompson, Shaun Livingston",6,28,28,36,35,801,1022,8,7,1,221
"41400225","MEM","Jeff Green, Kosta Koufos, Marc Gasol, Mike Conley, Vince Carter",6,30,31,31,33,856,879,1,2,-1,23
"41400225","GSW","David Lee, Harrison Barnes, Klay Thompson, Shaun Livingston, Stephen Curry",7,36,35,38,35,1022,1061,2,0,2,39
"41400225","MEM","Jeff Green, Marc Gasol, Mike Conley, Nick Calathes, Vince Carter",7,31,33,35,41,879,1098,4,8,-4,219
"41400225","GSW","Andrew Bogut, Harrison Barnes, Klay Thompson, Shaun Livingston, Stephen Curry",8,38,35,41,37,1061,1142,3,2,1,81
"41400225","MEM","Courtney Lee, Jeff Green, Marc Gasol, Mike Conley, Nick Calathes",8,35,41,37,41,1098,1142,2,0,2,44
"41400225","GSW","Andrew Bogut, Draymond Green, Harrison Barnes, Klay Thompson, Stephen Curry",9,41,37,60,51,1142,1801,19,14,5,659
"41400225","MEM","Courtney Lee, Jeff Green, Marc Gasol, Mike Conley, Zach Randolph",9,37,41,37,46,1142,1228,0,5,-5,86
"41400225","GSW","Andre Iguodala, Andrew Bogut, Harrison Barnes, Klay Thompson, Stephen Curry",10,60,51,68,53,1801,1918,8,2,6,117
"41400225","MEM","Courtney Lee, Marc Gasol, Mike Conley, Vince Carter, Zach Randolph",10,37,46,41,49,1228,1440,4,3,1,212
"41400225","GSW","Andre Iguodala, Festus Ezeli, Harrison Barnes, Klay Thompson, Stephen Curry",11,68,53,72,55,1918,1997,4,2,2,79
"41400225","MEM","Courtney Lee, Jeff Green, Marc Gasol, Mike Conley, Zach Randolph",11,41,49,51,60,1440,1801,10,11,-1,361
"41400225","GSW","Andre Iguodala, Festus Ezeli, Harrison Barnes, Shaun Livingston, Stephen Curry",12,72,55,74,57,1997,2160,2,2,0,163
"41400225","MEM","Courtney Lee, Marc Gasol, Mike Conley, Nick Calathes, Zach Randolph",12,51,60,55,72,1801,1997,4,12,-8,196
"41400225","GSW","Andre Iguodala, David Lee, Draymond Green, Klay Thompson, Shaun Livingston",13,74,57,94,73,2160,2621,20,16,4,461
"41400225","MEM","Courtney Lee, Jeff Green, Mike Conley, Nick Calathes, Zach Randolph",13,55,72,55,72,1997,1997,0,0,0,0
"41400225","GSW","Andre Iguodala, David Lee, Draymond Green, Klay Thompson, Stephen Curry",14,94,73,94,74,2621,2716,0,1,-1,95
"41400225","MEM","Jeff Green, Kosta Koufos, Mike Conley, Nick Calathes, Zach Randolph",14,55,72,57,74,1997,2160,2,2,0,163
"41400225","GSW","Andre Iguodala, David Lee, James Michael McAdoo, Klay Thompson, Stephen Curry",15,94,74,94,74,2716,2716,0,0,0,0
"41400225","MEM","Beno Udrih, Jeff Green, Kosta Koufos, Nick Calathes, Vince Carter",15,57,74,62,82,2160,2303,5,8,-3,143
"41400225","GSW","Andre Iguodala, David Lee, James Michael McAdoo, Shaun Livingston, Stephen Curry",16,94,74,94,74,2716,2716,0,0,0,0
"41400225","MEM","Beno Udrih, Kosta Koufos, Marc Gasol, Nick Calathes, Vince Carter",16,62,82,68,92,2303,2489,6,10,-4,186
"41400225","GSW","Andre Iguodala, David Lee, James Michael McAdoo, Leandro Barbosa, Shaun Livingston",17,94,74,94,74,2716,2716,0,0,0,0
"41400225","MEM","Beno Udrih, Kosta Koufos, Marc Gasol, Mike Conley, Vince Carter",17,68,92,68,92,2489,2489,0,0,0,0
"41400225","GSW","David Lee, James Michael McAdoo, Justin Holiday, Leandro Barbosa, Shaun Livingston",18,94,74,96,74,2716,2748,2,0,2,32
"41400225","MEM","Courtney Lee, Kosta Koufos, Marc Gasol, Mike Conley, Vince Carter",18,68,92,68,92,2489,2489,0,0,0,0
"41400225","GSW","Festus Ezeli, James Michael McAdoo, Justin Holiday, Leandro Barbosa, Shaun Livingston",19,96,74,96,74,2748,2748,0,0,0,0
"41400225","MEM","Courtney Lee, Marc Gasol, Mike Conley, Vince Carter, Zach Randolph",19,68,92,68,92,2489,2529,0,0,0,40
"41400225","GSW","Brandon Rush, Festus Ezeli, James Michael McAdoo, Justin Holiday, Leandro Barbosa",20,96,74,98,78,2748,2880,2,4,-2,132
"41400225","MEM","Courtney Lee, Jordan Adams, Marc Gasol, Mike Conley, Zach Randolph",20,68,92,74,94,2529,2716,6,2,4,187
"41400225","MEM","Courtney Lee, Jordan Adams, Mike Conley, Nick Calathes, Zach Randolph",21,74,94,74,94,2716,2716,0,0,0,0
"41400225","MEM","Jon Leuer, Jordan Adams, Mike Conley, Nick Calathes, Zach Randolph",22,74,94,74,94,2716,2716,0,0,0,0
"41400225","MEM","Jon Leuer, Jordan Adams, Mike Conley, Nick Calathes, Russ Smith",23,74,94,74,94,2716,2716,0,0,0,0
"41400225","MEM","JaMychal Green, Jon Leuer, Jordan Adams, Nick Calathes, Russ Smith",24,74,94,78,98,2716,2880,4,4,0,164
"41400226","GSW","Andrew Bogut, Draymond Green, Harrison Barnes, Klay Thompson, Stephen Curry",0,0,0,25,12,0,440,25,12,13,440
"41400226","MEM","Courtney Lee, Marc Gasol, Mike Conley, Tony Allen, Zach Randolph",0,0,0,10,19,0,329,10,19,-9,329
"41400226","GSW","Andre Iguodala, Draymond Green, Harrison Barnes, Klay Thompson, Stephen Curry",1,25,12,29,15,440,558,4,3,1,118
"41400226","MEM","Courtney Lee, Jeff Green, Marc Gasol, Mike Conley, Zach Randolph",1,10,19,15,29,329,578,5,10,-5,249
"41400226","GSW","Andre Iguodala, Draymond Green, Harrison Barnes, Shaun Livingston, Stephen Curry",2,29,15,29,15,558,558,0,0,0,0
"41400226","MEM","Courtney Lee, Jeff Green, Kosta Koufos, Marc Gasol, Mike Conley",2,15,29,19,32,578,659,4,3,1,81
"41400226","GSW","Andre Iguodala, David Lee, Draymond Green, Shaun Livingston, Stephen Curry",3,29,15,32,19,558,720,3,4,-1,162
"41400226","MEM","Jeff Green, Kosta Koufos, Marc Gasol, Mike Conley, Vince Carter",3,19,32,19,32,659,720,0,0,0,61
"41400226","GSW","Andre Iguodala, David Lee, Harrison Barnes, Klay Thompson, Shaun Livingston",4,32,19,38,25,720,914,6,6,0,194
"41400226","MEM","Beno Udrih, Jeff Green, Kosta Koufos, Marc Gasol, Vince Carter",4,19,32,25,38,720,914,6,6,0,194
"41400226","GSW","Andre Iguodala, Andrew Bogut, David Lee, Klay Thompson, Shaun Livingston",5,38,25,42,33,914,1011,4,8,-4,97
"41400226","MEM","Beno Udrih, Jeff Green, Kosta Koufos, Vince Carter, Zach Randolph",5,25,38,33,42,914,1011,8,4,4,97
"41400226","GSW","Andrew Bogut, David Lee, Klay Thompson, Shaun Livingston, Stephen Curry",6,42,33,42,33,1011,1011,0,0,0,0
"41400226","MEM","Jeff Green, Kosta Koufos, Mike Conley, Vince Carter, Zach Randolph",6,33,42,35,44,1011,1059,2,2,0,48
"41400226","GSW","Andrew Bogut, Draymond Green, Klay Thompson, Shaun Livingston, Stephen Curry",7,42,33,44,35,1011,1059,2,2,0,48
"41400226","MEM","Courtney Lee, Jeff Green, Mike Conley, Vince Carter, Zach Randolph",7,35,44,36,48,1059,1129,1,4,-3,70
"41400226","GSW","Draymond Green, Harrison Barnes, Klay Thompson, Shaun Livingston, Stephen Curry",8,44,35,50,39,1059,1203,6,4,2,144
"41400226","MEM","Courtney Lee, Marc Gasol, Mike Conley, Vince Carter, Zach Randolph",8,36,48,41,52,1129,1267,5,4,1,138
"41400226","GSW","Andre Iguodala, Draymond Green, Harrison Barnes, Klay Thompson, Stephen Curry",9,50,39,58,47,1203,1395,8,8,0,192
"41400226","MEM","Jeff Green, Marc Gasol, Mike Conley, Vince Carter, Zach Randolph",9,41,52,43,55,1267,1340,2,3,-1,73
"41400226","GSW","Andre Iguodala, David Lee, Harrison Barnes, Klay Thompson, Stephen Curry",10,58,47,58,49,1395,1440,0,2,-2,45
"41400226","MEM","Courtney Lee, Jeff Green, Marc Gasol, Mike Conley, Vince Carter",10,43,55,47,58,1340,1395,4,3,1,55
"41400226","GSW","Andrew Bogut, Draymond Green, Harrison Barnes, Klay Thompson, Stephen Curry",11,58,49,61,55,1440,1657,3,6,-3,217
"41400226","MEM","Courtney Lee, Jeff Green, Marc Gasol, Nick Calathes, Vince Carter",11,47,58,47,58,1395,1424,0,0,0,29
"41400226","GSW","David Lee, Draymond Green, Harrison Barnes, Klay Thompson, Stephen Curry",12,61,55,61,58,1657,1802,0,3,-3,145
"41400226","MEM","Courtney Lee, Jeff Green, Marc Gasol, Mike Conley, Vince Carter",12,47,58,49,58,1424,1440,2,0,2,16
"41400226","GSW","Andre Iguodala, David Lee, Draymond Green, Klay Thompson, Stephen Curry",13,61,58,63,60,1802,1921,2,2,0,119
"41400226","MEM","Courtney Lee, Jeff Green, Marc Gasol, Mike Conley, Zach Randolph",13,49,58,66,70,1440,2074,17,12,5,634
"41400226","GSW","Andre Iguodala, David Lee, Draymond Green, Shaun Livingston, Stephen Curry",14,63,60,63,62,1921,1925,0,2,-2,4
"41400226","MEM","Courtney Lee, Jeff Green, Kosta Koufos, Marc Gasol, Mike Conley",14,66,70,66,73,2074,2107,0,3,-3,33
"41400226","GSW","Andre Iguodala, David Lee, Festus Ezeli, Shaun Livingston, Stephen Curry",15,63,62,63,62,1925,1925,0,0,0,0
"41400226","MEM","Jeff Green, Kosta Koufos, Marc Gasol, Mike Conley, Vince Carter",15,66,73,68,76,2107,2160,2,3,-1,53
"41400226","GSW","Andre Iguodala, Festus Ezeli, Harrison Barnes, Shaun Livingston, Stephen Curry",16,63,62,70,66,1925,2074,7,4,3,149
"41400226","MEM","Beno Udrih, Jeff Green, Kosta Koufos, Marc Gasol, Vince Carter",16,68,76,68,83,2160,2250,0,7,-7,90
"41400226","GSW","Andre Iguodala, David Lee, Harrison Barnes, Shaun Livingston, Stephen Curry",17,70,66,76,68,2074,2160,6,2,4,86
"41400226","MEM","Beno Udrih, Courtney Lee, Kosta Koufos, Marc Gasol, Vince Carter",17,68,83,72,87,2250,2369,4,4,0,119
"41400226","GSW","Andre Iguodala, Andrew Bogut, Harrison Barnes, Leandro Barbosa, Shaun Livingston",18,76,68,88,74,2160,2429,12,6,6,269
"41400226","MEM","Courtney Lee, Kosta Koufos, Marc Gasol, Mike Conley, Vince Carter",18,72,87,76,88,2369,2457,4,1,3,88
"41400226","GSW","Andre Iguodala, Andrew Bogut, Harrison Barnes, Klay Thompson, Shaun Livingston",19,88,74,88,74,2429,2429,0,0,0,0
"41400226","MEM","Courtney Lee, Marc Gasol, Mike Conley, Vince Carter, Zach Randolph",19,76,88,92,102,2457,2790,16,14,2,333
"41400226","GSW","Andrew Bogut, Harrison Barnes, Klay Thompson, Shaun Livingston, Stephen Curry",20,88,74,88,76,2429,2475,0,2,-2,46
"41400226","MEM","Courtney Lee, Jeff Green, Marc Gasol, Mike Conley, Vince Carter",20,92,102,95,108,2790,2858,3,6,-3,68
"41400226","GSW","Andrew Bogut, Draymond Green, Harrison Barnes, Klay Thompson, Stephen Curry",21,88,76,88,80,2475,2527,0,4,-4,52
"41400226","MEM","Courtney Lee, Jeff Green, Marc Gasol, Nick Calathes, Vince Carter",21,95,108,95,108,2858,2858,0,0,0,0
"41400226","GSW","Andre Iguodala, Andrew Bogut, Draymond Green, Klay Thompson, Stephen Curry",22,88,80,102,92,2527,2790,14,12,2,263
"41400226","MEM","Courtney Lee, JaMychal Green, Jeff Green, Nick Calathes, Vince Carter",22,95,108,95,108,2858,2880,0,0,0,22
"41400226","GSW","Andre Iguodala, Draymond Green, Harrison Barnes, Klay Thompson, Stephen Curry",23,102,92,108,95,2790,2880,6,3,3,90
"41400231","HOU","Dwight Howard, James Harden, Jason Terry, Terrence Jones, Trevor Ariza",0,0,0,9,10,0,370,9,10,-1,370
"41400231","LAC","Austin Rivers, Blake Griffin, DeAndre Jordan, JJ Redick, Matt Barnes",0,0,0,10,9,0,370,10,9,1,370
"41400231","HOU","Dwight Howard, James Harden, Jason Terry, Josh Smith, Trevor Ariza",1,9,10,15,12,370,486,6,2,4,116
"41400231","LAC","Blake Griffin, DeAndre Jordan, Jamal Crawford, JJ Redick, Matt Barnes",1,10,9,12,15,370,486,2,6,-4,116
"41400231","HOU","Dwight Howard, James Harden, Jason Terry, Josh Smith, Pablo Prigioni",2,15,12,15,12,486,486,0,0,0,0
"41400231","LAC","Blake Griffin, DeAndre Jordan, Jamal Crawford, Lester Hudson, Matt Barnes",2,12,15,16,15,486,558,4,0,4,72
"41400231","HOU","Corey Brewer, Dwight Howard, James Harden, Josh Smith, Pablo Prigioni",3,15,12,15,16,486,558,0,4,-4,72
"41400231","LAC","Blake Griffin, Glen Davis, Jamal Crawford, Lester Hudson, Matt Barnes",3,16,15,18,22,558,690,2,7,-5,132
"41400231","HOU","Clint Capela, Corey Brewer, James Harden, Josh Smith, Pablo Prigioni",4,15,16,22,19,558,693,7,3,4,135
"41400231","LAC","Blake Griffin, Glen Davis, Jamal Crawford, JJ Redick, Lester Hudson",4,18,22,19,22,690,693,1,0,1,3
"41400231","HOU","Corey Brewer, James Harden, Josh Smith, Pablo Prigioni, Trevor Ariza",5,22,19,25,19,693,720,3,0,3,27
"41400231","LAC","Austin Rivers, Blake Griffin, Jamal Crawford, JJ Redick, Lester Hudson",5,19,22,19,25,693,720,0,3,-3,27
"41400231","HOU","Corey Brewer, Dwight Howard, Josh Smith, Pablo Prigioni, Trevor Ariza",6,25,19,37,24,720,957,12,5,7,237
"41400231","LAC","Austin Rivers, Glen Davis, Hedo Turkoglu, Jamal Crawford, JJ Redick",6,19,25,21,31,720,828,2,6,-4,108
"41400231","HOU","Corey Brewer, Dwight Howard, Pablo Prigioni, Terrence Jones, Trevor Ariza",7,37,24,39,29,957,1066,2,5,-3,109
"41400231","LAC","Austin Rivers, DeAndre Jordan, Hedo Turkoglu, Jamal Crawford, JJ Redick",7,21,31,21,34,828,897,0,3,-3,69
"41400231","HOU","Corey Brewer, Dwight Howard, Jason Terry, Terrence Jones, Trevor Ariza",8,39,29,39,29,1066,1066,0,0,0,0
"41400231","LAC","Austin Rivers, DeAndre Jordan, Hedo Turkoglu, JJ Redick, Matt Barnes",8,21,34,21,34,897,897,0,0,0,0
"41400231","HOU","Dwight Howard, James Harden, Jason Terry, Terrence Jones, Trevor Ariza",9,39,29,44,37,1066,1224,5,8,-3,158
"41400231","LAC","Austin Rivers, Blake Griffin, DeAndre Jordan, JJ Redick, Matt Barnes",9,21,34,24,37,897,987,3,3,0,90
"41400231","HOU","Dwight Howard, James Harden, Jason Terry, Josh Smith, Trevor Ariza",10,44,37,44,39,1224,1289,0,2,-2,65
"41400231","LAC","Blake Griffin, DeAndre Jordan, Jamal Crawford, JJ Redick, Matt Barnes",10,24,37,42,47,987,1362,18,10,8,375
"41400231","HOU","Corey Brewer, Dwight Howard, James Harden, Jason Terry, Josh Smith",11,44,39,50,44,1289,1425,6,5,1,136
"41400231","LAC","Austin Rivers, Blake Griffin, DeAndre Jordan, Jamal Crawford, JJ Redick",11,42,47,42,47,1362,1362,0,0,0,0
"41400231","HOU","Corey Brewer, Dwight Howard, James Harden, Jason Terry, Terrence Jones",12,50,44,50,46,1425,1436,0,2,-2,11
"41400231","LAC","Austin Rivers, Blake Griffin, Glen Davis, Jamal Crawford, JJ Redick",12,42,47,44,50,1362,1425,2,3,-1,63
"41400231","HOU","Corey Brewer, James Harden, Jason Terry, Terrence Jones, Trevor Ariza",13,50,46,50,46,1436,1440,0,0,0,4
"41400231","LAC","Austin Rivers, Blake Griffin, Hedo Turkoglu, Jamal Crawford, JJ Redick",13,44,50,46,50,1425,1436,2,0,2,11
"41400231","HOU","Dwight Howard, James Harden, Jason Terry, Terrence Jones, Trevor Ariza",14,50,46,59,57,1440,1763,9,11,-2,323
"41400231","LAC","Austin Rivers, Blake Griffin, Dahntay Jones, Jamal Crawford, JJ Redick",14,46,50,46,50,1436,1436,0,0,0,0
"41400231","HOU","Dwight Howard, James Harden, Jason Terry, Josh Smith, Trevor Ariza",15,59,57,68,70,1763,1939,9,13,-4,176
"41400231","LAC","Austin Rivers, Blake Griffin, Dahntay Jones, JJ Redick, Lester Hudson",15,46,50,46,50,1436,1440,0,0,0,4
"41400231","HOU","Corey Brewer, Dwight Howard, James Harden, Jason Terry, Josh Smith",16,68,70,68,73,1939,1951,0,3,-3,12
"41400231","LAC","Austin Rivers, Blake Griffin, DeAndre Jordan, JJ Redick, Matt Barnes",16,46,50,69,68,1440,1935,23,18,5,495
"41400231","HOU","Clint Capela, Corey Brewer, James Harden, Jason Terry, Josh Smith",17,68,73,72,76,1951,2001,4,3,1,50
"41400231","LAC","Blake Griffin, DeAndre Jordan, Jamal Crawford, JJ Redick, Matt Barnes",17,69,68,73,68,1935,1951,4,0,4,16
"41400231","HOU","Clint Capela, Corey Brewer, James Harden, Josh Smith, Pablo Prigioni",18,72,76,77,83,2001,2160,5,7,-2,159
"41400231","LAC","Blake Griffin, Glen Davis, Jamal Crawford, JJ Redick, Matt Barnes",18,73,68,78,75,1951,2087,5,7,-2,136
"41400231","HOU","Corey Brewer, Dwight Howard, Josh Smith, Pablo Prigioni, Trevor Ariza",19,77,83,88,92,2160,2474,11,9,2,314
"41400231","LAC","Austin Rivers, Blake Griffin, Glen Davis, Jamal Crawford, JJ Redick",19,78,75,78,77,2087,2118,0,2,-2,31
"41400231","HOU","Corey Brewer, Dwight Howard, Jason Terry, Josh Smith, Trevor Ariza",20,88,92,88,92,2474,2474,0,0,0,0
"41400231","LAC","Austin Rivers, Glen Davis, Hedo Turkoglu, Jamal Crawford, JJ Redick",20,78,77,83,77,2118,2160,5,0,5,42
"41400231","HOU","Dwight Howard, James Harden, Jason Terry, Josh Smith, Trevor Ariza",21,88,92,93,101,2474,2696,5,9,-4,222
"41400231","LAC","Austin Rivers, Glen Davis, Hedo Turkoglu, Jamal Crawford, Matt Barnes",21,83,77,87,83,2160,2294,4,6,-2,134
"41400231","HOU","Dwight Howard, James Harden, Jason Terry, Pablo Prigioni, Trevor Ariza",22,93,101,93,101,2696,2698,0,0,0,2
"41400231","LAC","Austin Rivers, DeAndre Jordan, Hedo Turkoglu, Jamal Crawford, Matt Barnes",22,87,83,89,86,2294,2402,2,3,-1,108
"41400231","HOU","Corey Brewer, Dwight Howard, James Harden, Jason Terry, Trevor Ariza",23,93,101,93,101,2698,2707,0,0,0,9
"41400231","LAC","DeAndre Jordan, Hedo Turkoglu, Jamal Crawford, JJ Redick, Matt Barnes",23,89,86,89,86,2402,2402,0,0,0,0
"41400231","HOU","Dwight Howard, James Harden, Jason Terry, Pablo Prigioni, Trevor Ariza",24,93,101,93,103,2707,2710,0,2,-2,3
"41400231","LAC","Blake Griffin, DeAndre Jordan, Jamal Crawford, JJ Redick, Matt Barnes",24,89,86,101,93,2402,2698,12,7,5,296
"41400231","HOU","Corey Brewer, Dwight Howard, James Harden, Jason Terry, Trevor Ariza",25,93,103,94,105,2710,2731,1,2,-1,21
"41400231","LAC","Blake Griffin, Glen Davis, Jamal Crawford, JJ Redick, Matt Barnes",25,101,93,101,93,2698,2707,0,0,0,9
"41400231","HOU","Corey Brewer, James Harden, Jason Terry, Pablo Prigioni, Trevor Ariza",26,94,105,101,117,2731,2880,7,12,-5,149
"41400231","LAC","Blake Griffin, DeAndre Jordan, Jamal Crawford, JJ Redick, Matt Barnes",26,101,93,103,93,2707,2710,2,0,2,3
"41400231","LAC","Blake Griffin, Glen Davis, Jamal Crawford, JJ Redick, Matt Barnes",27,103,93,105,94,2710,2731,2,1,1,21
"41400231","LAC","Austin Rivers, Blake Griffin, Jamal Crawford, JJ Redick, Matt Barnes",28,105,94,117,101,2731,2880,12,7,5,149
"41400232","HOU","Dwight Howard, James Harden, Jason Terry, Terrence Jones, Trevor Ariza",0,0,0,10,8,0,258,10,8,2,258
"41400232","LAC","Austin Rivers, Blake Griffin, DeAndre Jordan, JJ Redick, Matt Barnes",0,0,0,6,4,0,150,6,4,2,150
"41400232","HOU","Dwight Howard, James Harden, Jason Terry, Josh Smith, Trevor Ariza",1,10,8,16,10,258,363,6,2,4,105
"41400232","LAC","Austin Rivers, Blake Griffin, Glen Davis, JJ Redick, Matt Barnes",1,6,4,8,12,150,279,2,8,-6,129
"41400232","HOU","Dwight Howard, James Harden, Josh Smith, Pablo Prigioni, Trevor Ariza",2,16,10,27,22,363,551,11,12,-1,188
"41400232","LAC","Blake Griffin, Glen Davis, Jamal Crawford, JJ Redick, Matt Barnes",2,8,12,22,27,279,551,14,15,-1,272
"41400232","HOU","Clint Capela, James Harden, Josh Smith, Pablo Prigioni, Trevor Ariza",3,27,22,27,22,551,551,0,0,0,0
"41400232","LAC","Glen Davis, Hedo Turkoglu, Jamal Crawford, JJ Redick, Matt Barnes",3,22,27,22,30,551,649,0,3,-3,98
"41400232","HOU","Clint Capela, Corey Brewer, James Harden, Josh Smith, Pablo Prigioni",4,27,22,32,24,551,657,5,2,3,106
"41400232","LAC","Glen Davis, Hedo Turkoglu, Jamal Crawford, Lester Hudson, Matt Barnes",4,22,30,24,30,649,651,2,0,2,2
"41400232","HOU","Corey Brewer, James Harden, Josh Smith, Pablo Prigioni, Terrence Jones",5,32,24,35,24,657,686,3,0,3,29
"41400232","LAC","Dahntay Jones, Glen Davis, Hedo Turkoglu, Jamal Crawford, Lester Hudson",5,24,30,24,32,651,657,0,2,-2,6
"41400232","HOU","Corey Brewer, James Harden, Jason Terry, Josh Smith, Terrence Jones",6,35,24,35,24,686,720,0,0,0,34
"41400232","LAC","Glen Davis, Hedo Turkoglu, Jamal Crawford, Lester Hudson, Matt Barnes",6,24,32,24,35,657,686,0,3,-3,29
"41400232","HOU","Corey Brewer, Dwight Howard, Pablo Prigioni, Terrence Jones, Trevor Ariza",7,35,24,39,35,720,903,4,11,-7,183
"41400232","LAC","Glen Davis, Hedo Turkoglu, Jamal Crawford, JJ Redick, Lester Hudson",7,24,35,24,35,686,720,0,0,0,34
"41400232","HOU","Corey Brewer, Dwight Howard, Josh Smith, Pablo Prigioni, Trevor Ariza",8,39,35,41,42,903,992,2,7,-5,89
"41400232","LAC","DeAndre Jordan, Hedo Turkoglu, Jamal Crawford, JJ Redick, Lester Hudson",8,24,35,35,39,720,903,11,4,7,183
"41400232","HOU","Dwight Howard, James Harden, Josh Smith, Pablo Prigioni, Trevor Ariza",9,41,42,41,43,992,1004,0,1,-1,12
"41400232","LAC","Blake Griffin, DeAndre Jordan, Jamal Crawford, JJ Redick, Lester Hudson",9,35,39,42,41,903,992,7,2,5,89
"41400232","HOU","Dwight Howard, James Harden, Jason Terry, Josh Smith, Trevor Ariza",10,41,43,49,52,1004,1180,8,9,-1,176
"41400232","LAC","Austin Rivers, Blake Griffin, DeAndre Jordan, Jamal Crawford, JJ Redick",10,42,41,52,49,992,1180,10,8,2,188
"41400232","HOU","Clint Capela, James Harden, Jason Terry, Josh Smith, Trevor Ariza",11,49,52,49,56,1180,1271,0,4,-4,91
"41400232","LAC","Austin Rivers, Blake Griffin, DeAndre Jordan, JJ Redick, Matt Barnes",11,52,49,58,52,1180,1317,6,3,3,137
"41400232","HOU","Clint Capela, Dwight Howard, James Harden, Jason Terry, Trevor Ariza",12,49,56,49,56,1271,1271,0,0,0,0
"41400232","LAC","Blake Griffin, DeAndre Jordan, Jamal Crawford, JJ Redick, Matt Barnes",12,58,52,58,52,1317,1317,0,0,0,0
"41400232","HOU","Dwight Howard, James Harden, Jason Terry, Terrence Jones, Trevor Ariza",13,49,56,56,67,1271,1528,7,11,-4,257
"41400232","LAC","Blake Griffin, Glen Davis, Jamal Crawford, JJ Redick, Matt Barnes",13,58,52,65,56,1317,1440,7,4,3,123
"41400232","HOU","Corey Brewer, Dwight Howard, Jason Terry, Terrence Jones, Trevor Ariza",14,56,67,73,77,1528,1883,17,10,7,355
"41400232","LAC","Austin Rivers, Blake Griffin, DeAndre Jordan, JJ Redick, Matt Barnes",14,65,56,71,67,1440,1747,6,11,-5,307
"41400232","HOU","Corey Brewer, Dwight Howard, Jason Terry, Josh Smith, Trevor Ariza",15,73,77,73,79,1883,1894,0,2,-2,11
"41400232","LAC","Blake Griffin, DeAndre Jordan, Jamal Crawford, JJ Redick, Matt Barnes",15,71,67,73,70,1747,1787,2,3,-1,40
"41400232","HOU","Corey Brewer, Jason Terry, Josh Smith, Terrence Jones, Trevor Ariza",16,73,79,78,85,1894,2033,5,6,-1,139
"41400232","LAC","Blake Griffin, DeAndre Jordan, Jamal Crawford, JJ Redick, Lester Hudson",16,73,70,77,73,1787,1883,4,3,1,96
"41400232","HOU","Corey Brewer, James Harden, Jason Terry, Josh Smith, Terrence Jones",17,78,85,80,85,2033,2052,2,0,2,19
"41400232","LAC","Blake Griffin, Glen Davis, Jamal Crawford, JJ Redick, Lester Hudson",17,77,73,79,73,1883,1894,2,0,2,11
"41400232","HOU","Corey Brewer, James Harden, Jason Terry, Terrence Jones, Trevor Ariza",18,80,85,83,85,2052,2160,3,0,3,108
"41400232","LAC","Blake Griffin, Ekpe Udoh, Jamal Crawford, JJ Redick, Lester Hudson",18,79,73,79,74,1894,1896,0,1,-1,2
"41400232","HOU","Corey Brewer, Dwight Howard, James Harden, Pablo Prigioni, Trevor Ariza",19,83,85,103,96,2160,2502,20,11,9,342
"41400232","LAC","Blake Griffin, Glen Davis, Jamal Crawford, JJ Redick, Lester Hudson",19,79,74,85,78,1896,2033,6,4,2,137
"41400232","HOU","Corey Brewer, James Harden, Pablo Prigioni, Terrence Jones, Trevor Ariza",20,103,96,109,101,2502,2732,6,5,1,230
"41400232","LAC","Blake Griffin, Ekpe Udoh, Jamal Crawford, JJ Redick, Lester Hudson",20,85,78,85,78,2033,2033,0,0,0,0
"41400232","HOU","Corey Brewer, James Harden, Jason Terry, Pablo Prigioni, Trevor Ariza",21,109,101,109,101,2732,2732,0,0,0,0
"41400232","LAC","Blake Griffin, Glen Davis, Jamal Crawford, JJ Redick, Lester Hudson",21,85,78,85,80,2033,2052,0,2,-2,19
"41400232","HOU","Corey Brewer, Dwight Howard, James Harden, Jason Terry, Trevor Ariza",22,109,101,113,107,2732,2864,4,6,-2,132
"41400232","LAC","Blake Griffin, Hedo Turkoglu, Jamal Crawford, JJ Redick, Lester Hudson",22,85,80,85,82,2052,2075,0,2,-2,23
"41400232","HOU","Corey Brewer, Dwight Howard, James Harden, Terrence Jones, Trevor Ariza",23,113,107,115,109,2864,2867,2,2,0,3
"41400232","LAC","Austin Rivers, Blake Griffin, Hedo Turkoglu, Jamal Crawford, JJ Redick",23,85,82,85,83,2075,2125,0,1,-1,50
"41400232","HOU","Corey Brewer, Dwight Howard, James Harden, Pablo Prigioni, Trevor Ariza",24,115,109,115,109,2867,2880,0,0,0,13
"41400232","LAC","Austin Rivers, Blake Griffin, Jamal Crawford, JJ Redick, Matt Barnes",24,85,83,85,83,2125,2160,0,0,0,35
"41400232","LAC","Austin Rivers, Blake Griffin, DeAndre Jordan, Jamal Crawford, Matt Barnes",25,85,83,88,87,2160,2234,3,4,-1,74
"41400232","LAC","Blake Griffin, DeAndre Jordan, Jamal Crawford, JJ Redick, Matt Barnes",26,88,87,91,100,2234,2424,3,13,-10,190
"41400232","LAC","Austin Rivers, Blake Griffin, Jamal Crawford, JJ Redick, Matt Barnes",27,91,100,101,109,2424,2683,10,9,1,259
"41400232","LAC","Austin Rivers, DeAndre Jordan, Jamal Crawford, JJ Redick, Matt Barnes",28,101,109,101,109,2683,2732,0,0,0,49
"41400232","LAC","Austin Rivers, Blake Griffin, Jamal Crawford, JJ Redick, Matt Barnes",29,101,109,107,113,2732,2864,6,4,2,132
"41400232","LAC","Blake Griffin, DeAndre Jordan, Jamal Crawford, JJ Redick, Matt Barnes",30,107,113,109,115,2864,2867,2,2,0,3
"41400232","LAC","Austin Rivers, Blake Griffin, Jamal Crawford, JJ Redick, Matt Barnes",31,109,115,109,115,2867,2874,0,0,0,7
"41400232","LAC","Austin Rivers, Blake Griffin, Hedo Turkoglu, Jamal Crawford, JJ Redick",32,109,115,109,115,2874,2880,0,0,0,6
"41400233","HOU","Dwight Howard, James Harden, Jason Terry, Terrence Jones, Trevor Ariza",0,0,0,24,29,0,551,24,29,-5,551
"41400233","LAC","Blake Griffin, Chris Paul, DeAndre Jordan, JJ Redick, Matt Barnes",0,0,0,19,15,0,339,19,15,4,339
"41400233","HOU","Clint Capela, James Harden, Jason Terry, Terrence Jones, Trevor Ariza",1,24,29,24,29,551,551,0,0,0,0
"41400233","LAC","Austin Rivers, Blake Griffin, DeAndre Jordan, JJ Redick, Matt Barnes",1,19,15,19,15,339,384,0,0,0,45
"41400233","HOU","Clint Capela, James Harden, Pablo Prigioni, Terrence Jones, Trevor Ariza",2,24,29,24,29,551,551,0,0,0,0
"41400233","LAC","Austin Rivers, DeAndre Jordan, JJ Redick, Matt Barnes, Spencer Hawes",2,19,15,29,24,384,551,10,9,1,167
"41400233","HOU","Clint Capela, James Harden, Josh Smith, Pablo Prigioni, Trevor Ariza",3,24,29,24,29,551,551,0,0,0,0
"41400233","LAC","Austin Rivers, DeAndre Jordan, Jamal Crawford, JJ Redick, Spencer Hawes",3,29,24,31,24,551,613,2,0,2,62
"41400233","HOU","Clint Capela, Corey Brewer, James Harden, Josh Smith, Pablo Prigioni",4,24,29,24,33,551,707,0,4,-4,156
"41400233","LAC","Austin Rivers, Chris Paul, DeAndre Jordan, Jamal Crawford, Spencer Hawes",4,31,24,33,24,613,707,2,0,2,94
"41400233","HOU","Corey Brewer, James Harden, Josh Smith, Pablo Prigioni, Trevor Ariza",5,24,33,24,33,707,707,0,0,0,0
"41400233","LAC","Austin Rivers, Chris Paul, Glen Davis, Jamal Crawford, Spencer Hawes",5,33,24,33,24,707,707,0,0,0,0
"41400233","HOU","Corey Brewer, James Harden, Jason Terry, Pablo Prigioni, Trevor Ariza",6,24,33,24,33,707,720,0,0,0,13
"41400233","LAC","Austin Rivers, Chris Paul, Dahntay Jones, Glen Davis, Jamal Crawford",6,33,24,33,24,707,707,0,0,0,0
"41400233","HOU","Corey Brewer, Dwight Howard, Josh Smith, Pablo Prigioni, Trevor Ariza",7,24,33,34,46,720,1001,10,13,-3,281
"41400233","LAC","Austin Rivers, Dahntay Jones, Glen Davis, Jamal Crawford, Matt Barnes",7,33,24,33,24,707,720,0,0,0,13
"41400233","HOU","Corey Brewer, Dwight Howard, Jason Terry, Josh Smith, Trevor Ariza",8,34,46,34,46,1001,1001,0,0,0,0
"41400233","LAC","Austin Rivers, Chris Paul, Glen Davis, Jamal Crawford, Spencer Hawes",8,33,24,38,32,720,854,5,8,-3,134
"41400233","HOU","Dwight Howard, James Harden, Jason Terry, Josh Smith, Trevor Ariza",9,34,46,34,46,1001,1001,0,0,0,0
"41400233","LAC","Austin Rivers, Blake Griffin, Chris Paul, Glen Davis, Jamal Crawford",9,38,32,38,32,854,854,0,0,0,0
"41400233","HOU","Dwight Howard, James Harden, Jason Terry, Terrence Jones, Trevor Ariza",10,34,46,43,52,1001,1209,9,6,3,208
"41400233","LAC","Austin Rivers, Blake Griffin, Chris Paul, DeAndre Jordan, Jamal Crawford",10,38,32,40,34,854,924,2,2,0,70
"41400233","HOU","Corey Brewer, Dwight Howard, James Harden, Jason Terry, Terrence Jones",11,43,52,52,62,1209,1371,9,10,-1,162
"41400233","LAC","Blake Griffin, Chris Paul, DeAndre Jordan, Jamal Crawford, JJ Redick",11,40,34,46,36,924,1063,6,2,4,139
"41400233","HOU","Corey Brewer, James Harden, Jason Terry, Terrence Jones, Trevor Ariza",12,52,62,55,64,1371,1422,3,2,1,51
"41400233","LAC","Blake Griffin, DeAndre Jordan, Jamal Crawford, JJ Redick, Matt Barnes",12,46,36,52,43,1063,1209,6,7,-1,146
"41400233","HOU","Corey Brewer, James Harden, Josh Smith, Terrence Jones, Trevor Ariza",13,55,64,57,64,1422,1440,2,0,2,18
"41400233","LAC","Austin Rivers, Blake Griffin, DeAndre Jordan, JJ Redick, Matt Barnes",13,52,43,54,46,1209,1259,2,3,-1,50
"41400233","HOU","Dwight Howard, James Harden, Jason Terry, Terrence Jones, Trevor Ariza",14,57,64,67,79,1440,1799,10,15,-5,359
"41400233","LAC","Austin Rivers, Blake Griffin, Chris Paul, DeAndre Jordan, JJ Redick",14,54,46,54,46,1259,1259,0,0,0,0
"41400233","HOU","Dwight Howard, James Harden, Jason Terry, Josh Smith, Trevor Ariza",15,67,79,69,79,1799,1842,2,0,2,43
"41400233","LAC","Austin Rivers, Blake Griffin, Chris Paul, JJ Redick, Spencer Hawes",15,54,46,60,49,1259,1308,6,3,3,49
"41400233","HOU","Corey Brewer, Dwight Howard, James Harden, Jason Terry, Josh Smith",16,69,79,76,84,1842,1988,7,5,2,146
"41400233","LAC","Austin Rivers, Blake Griffin, Chris Paul, Glen Davis, JJ Redick",16,60,49,62,52,1308,1371,2,3,-1,63
"41400233","HOU","Corey Brewer, James Harden, Jason Terry, Josh Smith, Terrence Jones",17,76,84,76,96,1988,2107,0,12,-12,119
"41400233","LAC","Blake Griffin, Chris Paul, Glen Davis, JJ Redick, Matt Barnes",17,62,52,62,52,1371,1371,0,0,0,0
"41400233","HOU","Corey Brewer, James Harden, Josh Smith, Pablo Prigioni, Terrence Jones",18,76,96,76,96,2107,2107,0,0,0,0
"41400233","LAC","Chris Paul, Glen Davis, Jamal Crawford, JJ Redick, Matt Barnes",18,62,52,64,54,1371,1403,2,2,0,32
"41400233","HOU","Corey Brewer, James Harden, Pablo Prigioni, Terrence Jones, Trevor Ariza",19,76,96,76,99,2107,2160,0,3,-3,53
"41400233","LAC","Blake Griffin, Chris Paul, Jamal Crawford, JJ Redick, Matt Barnes",19,64,54,64,57,1403,1440,0,3,-3,37
"41400233","HOU","Corey Brewer, Dwight Howard, Jason Terry, Pablo Prigioni, Trevor Ariza",20,76,99,80,110,2160,2400,4,11,-7,240
"41400233","LAC","Blake Griffin, Chris Paul, DeAndre Jordan, JJ Redick, Matt Barnes",20,64,57,79,67,1440,1799,15,10,5,359
"41400233","HOU","Corey Brewer, Dwight Howard, James Harden, Pablo Prigioni, Trevor Ariza",21,80,110,95,121,2400,2706,15,11,4,306
"41400233","LAC","Austin Rivers, Blake Griffin, DeAndre Jordan, JJ Redick, Matt Barnes",21,79,67,79,69,1799,1842,0,2,-2,43
"41400233","HOU","Corey Brewer, Dwight Howard, James Harden, Nick Johnson, Pablo Prigioni",22,95,121,95,121,2706,2706,0,0,0,0
"41400233","LAC","Austin Rivers, Blake Griffin, DeAndre Jordan, Jamal Crawford, JJ Redick",22,79,69,84,76,1842,1988,5,7,-2,146
"41400233","HOU","Clint Capela, Corey Brewer, James Harden, Nick Johnson, Pablo Prigioni",23,95,121,95,121,2706,2706,0,0,0,0
"41400233","LAC","Austin Rivers, DeAndre Jordan, Jamal Crawford, JJ Redick, Spencer Hawes",23,84,76,99,76,1988,2159,15,0,15,171
"41400233","HOU","Clint Capela, Corey Brewer, Kostas Papanikolaou, Nick Johnson, Pablo Prigioni",24,95,121,95,121,2706,2706,0,0,0,0
"41400233","LAC","Austin Rivers, DeAndre Jordan, Jamal Crawford, Matt Barnes, Spencer Hawes",24,99,76,99,76,2159,2160,0,0,0,1
"41400233","HOU","Clint Capela, Joey Dorsey, Kostas Papanikolaou, Nick Johnson, Pablo Prigioni",25,95,121,99,124,2706,2880,4,3,1,174
"41400233","LAC","Austin Rivers, Blake Griffin, DeAndre Jordan, Jamal Crawford, Matt Barnes",25,99,76,104,78,2160,2274,5,2,3,114
"41400233","LAC","Blake Griffin, Chris Paul, DeAndre Jordan, Jamal Crawford, Matt Barnes",26,104,78,107,80,2274,2347,3,2,1,73
"41400233","LAC","Blake Griffin, DeAndre Jordan, Jamal Crawford, JJ Redick, Matt Barnes",27,107,80,116,84,2347,2512,9,4,5,165
"41400233","LAC","Blake Griffin, Glen Davis, Jamal Crawford, JJ Redick, Matt Barnes",28,116,84,116,87,2512,2520,0,3,-3,8
"41400233","LAC","Glen Davis, Jamal Crawford, JJ Redick, Lester Hudson, Matt Barnes",29,116,87,121,95,2520,2706,5,8,-3,186
"41400233","LAC","Austin Rivers, Glen Davis, Jamal Crawford, JJ Redick, Lester Hudson",30,121,95,121,95,2706,2706,0,0,0,0
"41400233","LAC","Austin Rivers, Dahntay Jones, Glen Davis, Jamal Crawford, Lester Hudson",31,121,95,121,95,2706,2706,0,0,0,0
"41400233","LAC","Austin Rivers, Dahntay Jones, Glen Davis, Hedo Turkoglu, Lester Hudson",32,121,95,121,95,2706,2751,0,0,0,45
"41400233","LAC","Austin Rivers, Dahntay Jones, Ekpe Udoh, Hedo Turkoglu, Lester Hudson",33,121,95,124,99,2751,2880,3,4,-1,129
"41400234","HOU","Dwight Howard, James Harden, Jason Terry, Terrence Jones, Trevor Ariza",0,0,0,8,5,0,220,8,5,3,220
"41400234","LAC","Blake Griffin, Chris Paul, DeAndre Jordan, JJ Redick, Matt Barnes",0,0,0,7,8,0,309,7,8,-1,309
"41400234","HOU","James Harden, Jason Terry, Josh Smith, Terrence Jones, Trevor Ariza",1,8,5,14,13,220,399,6,8,-2,179
"41400234","LAC","Blake Griffin, Chris Paul, DeAndre Jordan, Jamal Crawford, JJ Redick",1,7,8,11,12,309,383,4,4,0,74
"41400234","HOU","Clint Capela, James Harden, Jason Terry, Josh Smith, Trevor Ariza",2,14,13,25,19,399,507,11,6,5,108
"41400234","LAC","Austin Rivers, Blake Griffin, DeAndre Jordan, Jamal Crawford, JJ Redick",2,11,12,19,25,383,507,8,13,-5,124
"41400234","HOU","James Harden, Jason Terry, Joey Dorsey, Josh Smith, Trevor Ariza",3,25,19,25,20,507,537,0,1,-1,30
"41400234","LAC","Austin Rivers, Blake Griffin, Chris Paul, DeAndre Jordan, Jamal Crawford",3,19,25,20,25,507,538,1,0,1,31
"41400234","HOU","James Harden, Joey Dorsey, Josh Smith, Pablo Prigioni, Trevor Ariza",4,25,20,25,20,537,537,0,0,0,0
"41400234","LAC","Austin Rivers, Blake Griffin, Chris Paul, Jamal Crawford, Spencer Hawes",4,20,25,28,30,538,687,8,5,3,149
"41400234","HOU","Corey Brewer, James Harden, Joey Dorsey, Josh Smith, Pablo Prigioni",5,25,20,25,20,537,538,0,0,0,1
"41400234","LAC","Austin Rivers, Blake Griffin, Jamal Crawford, Matt Barnes, Spencer Hawes",5,28,30,30,33,687,720,2,3,-1,33
"41400234","HOU","Corey Brewer, James Harden, Josh Smith, Pablo Prigioni, Terrence Jones",6,25,20,33,30,538,720,8,10,-2,182
"41400234","LAC","Austin Rivers, Glen Davis, Jamal Crawford, Matt Barnes, Spencer Hawes",6,30,33,30,35,720,773,0,2,-2,53
"41400234","HOU","Corey Brewer, Dwight Howard, Josh Smith, Pablo Prigioni, Trevor Ariza",7,33,30,37,38,720,873,4,8,-4,153
"41400234","LAC","Austin Rivers, DeAndre Jordan, Glen Davis, Jamal Crawford, Matt Barnes",7,30,35,41,37,773,941,11,2,9,168
"41400234","HOU","Corey Brewer, Dwight Howard, Pablo Prigioni, Terrence Jones, Trevor Ariza",8,37,38,37,40,873,932,0,2,-2,59
"41400234","LAC","Austin Rivers, DeAndre Jordan, Glen Davis, JJ Redick, Matt Barnes",8,41,37,41,37,941,941,0,0,0,0
"41400234","HOU","Dwight Howard, James Harden, Pablo Prigioni, Terrence Jones, Trevor Ariza",9,37,40,37,41,932,941,0,1,-1,9
"41400234","LAC","Austin Rivers, Blake Griffin, DeAndre Jordan, JJ Redick, Matt Barnes",9,41,37,41,37,941,1010,0,0,0,69
"41400234","HOU","Corey Brewer, James Harden, Pablo Prigioni, Terrence Jones, Trevor Ariza",10,37,41,37,41,941,941,0,0,0,0
"41400234","LAC","Blake Griffin, Chris Paul, DeAndre Jordan, JJ Redick, Matt Barnes",10,41,37,46,46,1010,1126,5,9,-4,116
"41400234","HOU","Corey Brewer, James Harden, Jason Terry, Terrence Jones, Trevor Ariza",11,37,41,46,46,941,1126,9,5,4,185
"41400234","LAC","Blake Griffin, Chris Paul, Jamal Crawford, JJ Redick, Matt Barnes",11,46,46,47,46,1126,1145,1,0,1,19
"41400234","HOU","Corey Brewer, James Harden, Jason Terry, Kostas Papanikolaou, Trevor Ariza",12,46,46,46,47,1126,1145,0,1,-1,19
"41400234","LAC","Blake Griffin, Chris Paul, DeAndre Jordan, JJ Redick, Matt Barnes",12,47,46,49,49,1145,1213,2,3,-1,68
"41400234","HOU","Corey Brewer, James Harden, Jason Terry, Terrence Jones, Trevor Ariza",13,46,47,49,47,1145,1174,3,0,3,29
"41400234","LAC","Blake Griffin, Chris Paul, DeAndre Jordan, Jamal Crawford, JJ Redick",13,49,49,56,49,1213,1355,7,0,7,142
"41400234","HOU","Corey Brewer, James Harden, Jason Terry, Kostas Papanikolaou, Trevor Ariza",14,49,47,49,49,1174,1213,0,2,-2,39
"41400234","LAC","Austin Rivers, Chris Paul, DeAndre Jordan, Jamal Crawford, JJ Redick",14,56,49,56,49,1355,1365,0,0,0,10
"41400234","HOU","Corey Brewer, James Harden, Jason Terry, Terrence Jones, Trevor Ariza",15,49,49,51,60,1213,1410,2,11,-9,197
"41400234","LAC","Austin Rivers, Blake Griffin, Chris Paul, Jamal Crawford, JJ Redick",15,56,49,60,51,1365,1410,4,2,2,45
"41400234","HOU","Corey Brewer, James Harden, Pablo Prigioni, Terrence Jones, Trevor Ariza",16,51,60,54,60,1410,1432,3,0,3,22
"41400234","LAC","Austin Rivers, Chris Paul, DeAndre Jordan, Jamal Crawford, JJ Redick",16,60,51,60,54,1410,1432,0,3,-3,22
"41400234","HOU","Corey Brewer, James Harden, Jason Terry, Terrence Jones, Trevor Ariza",17,54,60,54,60,1432,1440,0,0,0,8
"41400234","LAC","Austin Rivers, DeAndre Jordan, Jamal Crawford, JJ Redick, Matt Barnes",17,60,54,60,54,1432,1440,0,0,0,8
"41400234","HOU","Dwight Howard, James Harden, Jason Terry, Terrence Jones, Trevor Ariza",18,54,60,58,79,1440,1754,4,19,-15,314
"41400234","LAC","Blake Griffin, Chris Paul, DeAndre Jordan, JJ Redick, Matt Barnes",18,60,54,81,59,1440,1826,21,5,16,386
"41400234","HOU","Corey Brewer, Dwight Howard, James Harden, Terrence Jones, Trevor Ariza",19,58,79,59,83,1754,1839,1,4,-3,85
"41400234","LAC","Austin Rivers, Blake Griffin, DeAndre Jordan, JJ Redick, Matt Barnes",19,81,59,81,59,1826,1826,0,0,0,0
"41400234","HOU","Corey Brewer, Dwight Howard, James Harden, Jason Terry, Trevor Ariza",20,59,83,61,89,1839,1914,2,6,-4,75
"41400234","LAC","Austin Rivers, Blake Griffin, DeAndre Jordan, Jamal Crawford, JJ Redick",20,81,59,90,68,1826,1979,9,9,0,153
"41400234","HOU","Dwight Howard, James Harden, Jason Terry, Nick Johnson, Trevor Ariza",21,61,89,67,90,1914,1973,6,1,5,59
"41400234","LAC","Austin Rivers, DeAndre Jordan, Jamal Crawford, JJ Redick, Matt Barnes",21,90,68,98,79,1979,2096,8,11,-3,117
"41400234","HOU","James Harden, Jason Terry, Josh Smith, Nick Johnson, Trevor Ariza",22,67,90,79,98,1973,2096,12,8,4,123
"41400234","LAC","Austin Rivers, Blake Griffin, Jamal Crawford, JJ Redick, Matt Barnes",22,98,79,103,79,2096,2145,5,0,5,49
"41400234","HOU","Corey Brewer, James Harden, Jason Terry, Josh Smith, Nick Johnson",23,79,98,79,103,2096,2160,0,5,-5,64
"41400234","LAC","Austin Rivers, Blake Griffin, Dahntay Jones, JJ Redick, Matt Barnes",23,103,79,103,79,2145,2160,0,0,0,15
"41400234","HOU","Corey Brewer, Dwight Howard, Nick Johnson, Pablo Prigioni, Trevor Ariza",24,79,103,81,112,2160,2288,2,9,-7,128
"41400234","LAC","Austin Rivers, Blake Griffin, Chris Paul, Jamal Crawford, Matt Barnes",24,103,79,115,84,2160,2362,12,5,7,202
"41400234","HOU","Clint Capela, Corey Brewer, Nick Johnson, Pablo Prigioni, Trevor Ariza",25,81,112,84,115,2288,2362,3,3,0,74
"41400234","LAC","Austin Rivers, Chris Paul, Hedo Turkoglu, Jamal Crawford, Matt Barnes",25,115,84,115,84,2362,2362,0,0,0,0
"41400234","HOU","Clint Capela, Corey Brewer, Kostas Papanikolaou, Nick Johnson, Pablo Prigioni",26,84,115,88,117,2362,2559,4,2,2,197
"41400234","LAC","Austin Rivers, Glen Davis, Hedo Turkoglu, Jamal Crawford, Matt Barnes",26,115,84,117,88,2362,2559,2,4,-2,197
"41400234","HOU","Clint Capela, Joey Dorsey, Kostas Papanikolaou, Nick Johnson, Pablo Prigioni",27,88,117,95,128,2559,2880,7,11,-4,321
"41400234","LAC","Austin Rivers, Glen Davis, Hedo Turkoglu, Jamal Crawford, Spencer Hawes",27,117,88,117,88,2559,2559,0,0,0,0
"41400234","LAC","Austin Rivers, Dahntay Jones, Glen Davis, Hedo Turkoglu, Spencer Hawes",28,117,88,117,88,2559,2559,0,0,0,0
"41400234","LAC","Austin Rivers, Dahntay Jones, Hedo Turkoglu, Lester Hudson, Spencer Hawes",29,117,88,117,88,2559,2573,0,0,0,14
"41400234","LAC","Dahntay Jones, Ekpe Udoh, Hedo Turkoglu, Lester Hudson, Spencer Hawes",30,117,88,128,95,2573,2880,11,7,4,307
"41400235","HOU","Dwight Howard, James Harden, Jason Terry, Josh Smith, Trevor Ariza",0,0,0,14,12,0,385,14,12,2,385
"41400235","LAC","Blake Griffin, Chris Paul, DeAndre Jordan, JJ Redick, Matt Barnes",0,0,0,12,14,0,385,12,14,-2,385
"41400235","HOU","Dwight Howard, James Harden, Jason Terry, Josh Smith, Pablo Prigioni",1,14,12,14,12,385,385,0,0,0,0
"41400235","LAC","Blake Griffin, Chris Paul, DeAndre Jordan, Jamal Crawford, JJ Redick",1,12,14,16,15,385,456,4,1,3,71
"41400235","HOU","Corey Brewer, Dwight Howard, James Harden, Josh Smith, Pablo Prigioni",2,14,12,15,16,385,456,1,4,-3,71
"41400235","LAC","Blake Griffin, Chris Paul, Glen Davis, Jamal Crawford, JJ Redick",2,16,15,16,15,456,456,0,0,0,0
"41400235","HOU","Corey Brewer, Dwight Howard, James Harden, Pablo Prigioni, Terrence Jones",3,15,16,22,18,456,576,7,2,5,120
"41400235","LAC","Austin Rivers, Blake Griffin, Glen Davis, Jamal Crawford, JJ Redick",3,16,15,22,27,456,720,6,12,-6,264
"41400235","HOU","Corey Brewer, Dwight Howard, Pablo Prigioni, Terrence Jones, Trevor Ariza",4,22,18,27,22,576,720,5,4,1,144
"41400235","LAC","Austin Rivers, Chris Paul, Glen Davis, Jamal Crawford, Spencer Hawes",4,22,27,22,31,720,775,0,4,-4,55
"41400235","HOU","Clint Capela, James Harden, Pablo Prigioni, Terrence Jones, Trevor Ariza",5,27,22,37,30,720,920,10,8,2,200
"41400235","LAC","Austin Rivers, Chris Paul, DeAndre Jordan, Jamal Crawford, Spencer Hawes",5,22,31,29,37,775,886,7,6,1,111
"41400235","HOU","Clint Capela, Corey Brewer, James Harden, Pablo Prigioni, Terrence Jones",6,37,30,37,30,920,920,0,0,0,0
"41400235","LAC","Austin Rivers, Blake Griffin, Chris Paul, Jamal Crawford, Spencer Hawes",6,29,37,30,39,886,950,1,2,-1,64
"41400235","HOU","Clint Capela, Corey Brewer, James Harden, Jason Terry, Terrence Jones",7,37,30,37,30,920,920,0,0,0,0
"41400235","LAC","Austin Rivers, Blake Griffin, Chris Paul, Matt Barnes, Spencer Hawes",7,30,39,30,39,950,950,0,0,0,0
"41400235","HOU","Clint Capela, Corey Brewer, James Harden, Jason Terry, Josh Smith",8,37,30,39,30,920,950,2,0,2,30
"41400235","LAC","Blake Griffin, Chris Paul, JJ Redick, Matt Barnes, Spencer Hawes",8,30,39,46,53,950,1286,16,14,2,336
"41400235","HOU","Corey Brewer, Dwight Howard, James Harden, Jason Terry, Josh Smith",9,39,30,50,46,950,1259,11,16,-5,309
"41400235","LAC","Blake Griffin, Chris Paul, Jamal Crawford, JJ Redick, Spencer Hawes",9,46,53,48,61,1286,1416,2,8,-6,130
"41400235","HOU","Corey Brewer, Dwight Howard, James Harden, Jason Terry, Terrence Jones",10,50,46,50,46,1259,1259,0,0,0,0
"41400235","LAC","Chris Paul, Jamal Crawford, JJ Redick, Matt Barnes, Spencer Hawes",10,48,61,48,61,1416,1416,0,0,0,0
"41400235","HOU","Dwight Howard, James Harden, Jason Terry, Terrence Jones, Trevor Ariza",11,50,46,59,48,1259,1378,9,2,7,119
"41400235","LAC","Austin Rivers, Jamal Crawford, JJ Redick, Matt Barnes, Spencer Hawes",11,48,61,48,61,1416,1416,0,0,0,0
"41400235","HOU","Dwight Howard, James Harden, Pablo Prigioni, Terrence Jones, Trevor Ariza",12,59,48,61,48,1378,1416,2,0,2,38
"41400235","LAC","Austin Rivers, Dahntay Jones, JJ Redick, Matt Barnes, Spencer Hawes",12,48,61,48,61,1416,1416,0,0,0,0
"41400235","HOU","James Harden, Jason Terry, Pablo Prigioni, Terrence Jones, Trevor Ariza",13,61,48,63,48,1416,1440,2,0,2,24
"41400235","LAC","Austin Rivers, Dahntay Jones, Glen Davis, JJ Redick, Matt Barnes",13,48,61,48,63,1416,1440,0,2,-2,24
"41400235","HOU","Dwight Howard, James Harden, Jason Terry, Josh Smith, Trevor Ariza",14,63,48,79,59,1440,1776,16,11,5,336
"41400235","LAC","Blake Griffin, Chris Paul, DeAndre Jordan, JJ Redick, Matt Barnes",14,48,63,59,79,1440,1776,11,16,-5,336
"41400235","HOU","Dwight Howard, James Harden, Jason Terry, Josh Smith, Pablo Prigioni",15,79,59,79,59,1776,1776,0,0,0,0
"41400235","LAC","Blake Griffin, DeAndre Jordan, Jamal Crawford, JJ Redick, Matt Barnes",15,59,79,59,79,1776,1776,0,0,0,0
"41400235","HOU","Corey Brewer, Dwight Howard, James Harden, Jason Terry, Pablo Prigioni",16,79,59,79,59,1776,1776,0,0,0,0
"41400235","LAC","Austin Rivers, Blake Griffin, DeAndre Jordan, Jamal Crawford, JJ Redick",16,59,79,68,83,1776,1934,9,4,5,158
"41400235","HOU","Corey Brewer, Dwight Howard, James Harden, Pablo Prigioni, Terrence Jones",17,79,59,83,68,1776,1934,4,9,-5,158
"41400235","LAC","Austin Rivers, Blake Griffin, Chris Paul, DeAndre Jordan, Jamal Crawford",17,68,83,74,89,1934,2094,6,6,0,160
"41400235","HOU","Corey Brewer, Dwight Howard, Pablo Prigioni, Terrence Jones, Trevor Ariza",18,83,68,83,70,1934,1993,0,2,-2,59
"41400235","LAC","Austin Rivers, Blake Griffin, Chris Paul, Jamal Crawford, Spencer Hawes",18,74,89,76,91,2094,2160,2,2,0,66
"41400235","HOU","Dwight Howard, James Harden, Pablo Prigioni, Terrence Jones, Trevor Ariza",19,83,70,91,76,1993,2160,8,6,2,167
"41400235","LAC","Blake Griffin, Chris Paul, Jamal Crawford, JJ Redick, Spencer Hawes",19,76,91,78,91,2160,2253,2,0,2,93
"41400235","HOU","Clint Capela, James Harden, Pablo Prigioni, Terrence Jones, Trevor Ariza",20,91,76,91,78,2160,2253,0,2,-2,93
"41400235","LAC","Austin Rivers, Blake Griffin, Jamal Crawford, JJ Redick, Spencer Hawes",20,78,91,78,95,2253,2314,0,4,-4,61
"41400235","HOU","Clint Capela, James Harden, Jason Terry, Terrence Jones, Trevor Ariza",21,91,78,93,78,2253,2299,2,0,2,46
"41400235","LAC","Austin Rivers, DeAndre Jordan, Jamal Crawford, JJ Redick, Spencer Hawes",21,78,95,80,100,2314,2375,2,5,-3,61
"41400235","HOU","Clint Capela, James Harden, Jason Terry, Josh Smith, Trevor Ariza",22,93,78,93,78,2299,2307,0,0,0,8
"41400235","LAC","Austin Rivers, Chris Paul, DeAndre Jordan, Jamal Crawford, JJ Redick",22,80,100,80,100,2375,2375,0,0,0,0
"41400235","HOU","Clint Capela, Corey Brewer, James Harden, Jason Terry, Josh Smith",23,93,78,107,87,2307,2508,14,9,5,201
"41400235","LAC","Chris Paul, DeAndre Jordan, Jamal Crawford, JJ Redick, Matt Barnes",23,80,100,86,107,2375,2493,6,7,-1,118
"41400235","HOU","Corey Brewer, Dwight Howard, James Harden, Jason Terry, Josh Smith",24,107,87,107,87,2508,2510,0,0,0,2
"41400235","LAC","Blake Griffin, Chris Paul, DeAndre Jordan, JJ Redick, Matt Barnes",24,86,107,87,107,2493,2510,1,0,1,17
"41400235","HOU","Corey Brewer, Dwight Howard, James Harden, Jason Terry, Terrence Jones",25,107,87,107,88,2510,2519,0,1,-1,9
"41400235","LAC","Blake Griffin, Chris Paul, Dahntay Jones, DeAndre Jordan, JJ Redick",25,87,107,87,107,2510,2511,0,0,0,1
"41400235","HOU","Corey Brewer, James Harden, Jason Terry, Terrence Jones, Trevor Ariza",26,107,88,122,100,2519,2775,15,12,3,256
"41400235","LAC","Blake Griffin, Chris Paul, DeAndre Jordan, JJ Redick, Matt Barnes",26,87,107,89,108,2511,2546,2,1,1,35
"41400235","HOU","Corey Brewer, James Harden, Jason Terry, Nick Johnson, Terrence Jones",27,122,100,122,100,2775,2775,0,0,0,0
"41400235","LAC","Blake Griffin, Chris Paul, Jamal Crawford, JJ Redick, Matt Barnes",27,89,108,98,116,2546,2657,9,8,1,111
"41400235","HOU","Clint Capela, Corey Brewer, Jason Terry, Nick Johnson, Terrence Jones",28,122,100,122,100,2775,2775,0,0,0,0
"41400235","LAC","Blake Griffin, Chris Paul, Jamal Crawford, JJ Redick, Lester Hudson",28,98,116,98,116,2657,2657,0,0,0,0
"41400235","HOU","Clint Capela, Corey Brewer, Kostas Papanikolaou, Nick Johnson, Terrence Jones",29,122,100,122,100,2775,2775,0,0,0,0
"41400235","LAC","Austin Rivers, Chris Paul, Jamal Crawford, JJ Redick, Lester Hudson",29,98,116,98,116,2657,2657,0,0,0,0
"41400235","HOU","Clint Capela, Corey Brewer, Joey Dorsey, Kostas Papanikolaou, Nick Johnson",30,122,100,125,103,2775,2880,3,3,0,105
"41400235","LAC","Austin Rivers, Chris Paul, Jamal Crawford, Lester Hudson, Spencer Hawes",30,98,116,98,116,2657,2657,0,0,0,0
"41400235","LAC","Austin Rivers, Hedo Turkoglu, Jamal Crawford, Lester Hudson, Spencer Hawes",31,98,116,100,122,2657,2775,2,6,-4,118
"41400235","LAC","Austin Rivers, Dahntay Jones, Jamal Crawford, Lester Hudson, Spencer Hawes",32,100,122,100,122,2775,2775,0,0,0,0
"41400235","LAC","Austin Rivers, Dahntay Jones, Hedo Turkoglu, Lester Hudson, Spencer Hawes",33,100,122,103,125,2775,2880,3,3,0,105
"41400236","HOU","Dwight Howard, James Harden, Jason Terry, Josh Smith, Trevor Ariza",0,0,0,6,14,0,369,6,14,-8,369
"41400236","LAC","Blake Griffin, Chris Paul, DeAndre Jordan, JJ Redick, Matt Barnes",0,0,0,22,15,0,562,22,15,7,562
"41400236","HOU","Dwight Howard, James Harden, Jason Terry, Terrence Jones, Trevor Ariza",1,6,14,11,18,369,439,5,4,1,70
"41400236","LAC","Blake Griffin, Chris Paul, DeAndre Jordan, Jamal Crawford, JJ Redick",1,22,15,22,15,562,562,0,0,0,0
"41400236","HOU","Corey Brewer, Dwight Howard, James Harden, Jason Terry, Terrence Jones",2,11,18,11,18,439,439,0,0,0,0
"41400236","LAC","Blake Griffin, Chris Paul, Glen Davis, Jamal Crawford, JJ Redick",2,22,15,24,17,562,593,2,2,0,31
"41400236","HOU","Corey Brewer, Dwight Howard, James Harden, Pablo Prigioni, Terrence Jones",3,11,18,13,20,439,508,2,2,0,69
"41400236","LAC","Austin Rivers, Blake Griffin, Chris Paul, Glen Davis, Jamal Crawford",3,24,17,29,23,593,686,5,6,-1,93
"41400236","HOU","Corey Brewer, James Harden, Pablo Prigioni, Terrence Jones, Trevor Ariza",4,13,20,20,29,508,664,7,9,-2,156
"41400236","LAC","Austin Rivers, Blake Griffin, Glen Davis, Jamal Crawford, Matt Barnes",4,29,23,29,25,686,714,0,2,-2,28
"41400236","HOU","Corey Brewer, Dwight Howard, Pablo Prigioni, Terrence Jones, Trevor Ariza",5,20,29,25,29,664,714,5,0,5,50
"41400236","LAC","Austin Rivers, Blake Griffin, Chris Paul, Jamal Crawford, Matt Barnes",5,29,25,29,25,714,720,0,0,0,6
"41400236","HOU","Clint Capela, Corey Brewer, Pablo Prigioni, Terrence Jones, Trevor Ariza",6,25,29,25,29,714,714,0,0,0,0
"41400236","LAC","Austin Rivers, DeAndre Jordan, Glen Davis, Jamal Crawford, Matt Barnes",6,29,25,31,28,720,774,2,3,-1,54
"41400236","HOU","Clint Capela, Corey Brewer, Jason Terry, Pablo Prigioni, Trevor Ariza",7,25,29,25,29,714,720,0,0,0,6
"41400236","LAC","Austin Rivers, DeAndre Jordan, Jamal Crawford, Matt Barnes, Spencer Hawes",7,31,28,37,32,774,935,6,4,2,161
"41400236","HOU","Corey Brewer, Dwight Howard, Pablo Prigioni, Terrence Jones, Trevor Ariza",8,25,29,32,37,720,935,7,8,-1,215
"41400236","LAC","Austin Rivers, Blake Griffin, DeAndre Jordan, Jamal Crawford, Matt Barnes",8,37,32,39,35,935,964,2,3,-1,29
"41400236","HOU","Dwight Howard, Jason Terry, Pablo Prigioni, Terrence Jones, Trevor Ariza",9,32,37,32,37,935,935,0,0,0,0
"41400236","LAC","Blake Griffin, Chris Paul, DeAndre Jordan, Jamal Crawford, Matt Barnes",9,39,35,41,43,964,1039,2,8,-6,75
"41400236","HOU","Dwight Howard, James Harden, Jason Terry, Terrence Jones, Trevor Ariza",10,32,37,35,39,935,964,3,2,1,29
"41400236","LAC","Blake Griffin, Chris Paul, DeAndre Jordan, JJ Redick, Matt Barnes",10,41,43,48,52,1039,1151,7,9,-2,112
"41400236","HOU","Dwight Howard, James Harden, Jason Terry, Josh Smith, Trevor Ariza",11,35,39,43,41,964,1039,8,2,6,75
"41400236","LAC","Blake Griffin, Chris Paul, DeAndre Jordan, Jamal Crawford, JJ Redick",11,48,52,60,58,1151,1368,12,6,6,217
"41400236","HOU","Clint Capela, James Harden, Jason Terry, Josh Smith, Trevor Ariza",12,43,41,56,53,1039,1277,13,12,1,238
"41400236","LAC","Blake Griffin, Chris Paul, Jamal Crawford, JJ Redick, Matt Barnes",12,60,58,64,62,1368,1440,4,4,0,72
"41400236","HOU","Clint Capela, Dwight Howard, James Harden, Jason Terry, Trevor Ariza",13,56,53,56,53,1277,1277,0,0,0,0
"41400236","LAC","Blake Griffin, Chris Paul, DeAndre Jordan, JJ Redick, Matt Barnes",13,64,62,87,68,1440,1976,23,6,17,536
"41400236","HOU","Dwight Howard, James Harden, Jason Terry, Terrence Jones, Trevor Ariza",14,56,53,58,53,1277,1320,2,0,2,43
"41400236","LAC","Blake Griffin, Chris Paul, DeAndre Jordan, Jamal Crawford, JJ Redick",14,87,68,89,72,1976,2024,2,4,-2,48
"41400236","HOU","Clint Capela, James Harden, Jason Terry, Terrence Jones, Trevor Ariza",15,58,53,58,55,1320,1321,0,2,-2,1
"41400236","LAC","Austin Rivers, Blake Griffin, DeAndre Jordan, Jamal Crawford, JJ Redick",15,89,72,89,74,2024,2084,0,2,-2,60
"41400236","HOU","Dwight Howard, James Harden, Jason Terry, Terrence Jones, Trevor Ariza",16,58,55,58,60,1321,1368,0,5,-5,47
"41400236","LAC","Austin Rivers, Blake Griffin, Glen Davis, Jamal Crawford, JJ Redick",16,89,74,89,74,2084,2096,0,0,0,12
"41400236","HOU","Corey Brewer, James Harden, Jason Terry, Terrence Jones, Trevor Ariza",17,58,60,62,64,1368,1440,4,4,0,72
"41400236","LAC","Austin Rivers, Blake Griffin, Chris Paul, Glen Davis, Jamal Crawford",17,89,74,92,79,2096,2160,3,5,-2,64
"41400236","HOU","Dwight Howard, James Harden, Jason Terry, Josh Smith, Trevor Ariza",18,62,64,68,79,1440,1785,6,15,-9,345
"41400236","LAC","Austin Rivers, Chris Paul, DeAndre Jordan, Glen Davis, Jamal Crawford",18,92,79,94,82,2160,2281,2,3,-1,121
"41400236","HOU","Dwight Howard, James Harden, Josh Smith, Pablo Prigioni, Trevor Ariza",19,68,79,68,79,1785,1785,0,0,0,0
"41400236","LAC","Austin Rivers, Blake Griffin, Chris Paul, DeAndre Jordan, Jamal Crawford",19,94,82,94,85,2281,2349,0,3,-3,68
"41400236","HOU","Dwight Howard, James Harden, Pablo Prigioni, Terrence Jones, Trevor Ariza",20,68,79,68,86,1785,1962,0,7,-7,177
"41400236","LAC","Austin Rivers, Blake Griffin, DeAndre Jordan, Jamal Crawford, Matt Barnes",20,94,85,94,85,2349,2349,0,0,0,0
"41400236","HOU","Corey Brewer, Dwight Howard, James Harden, Pablo Prigioni, Terrence Jones",21,68,86,72,89,1962,2067,4,3,1,105
"41400236","LAC","Austin Rivers, Blake Griffin, DeAndre Jordan, JJ Redick, Matt Barnes",21,94,85,100,91,2349,2431,6,6,0,82
"41400236","HOU","Corey Brewer, Dwight Howard, Pablo Prigioni, Terrence Jones, Trevor Ariza",22,72,89,79,92,2067,2187,7,3,4,120
"41400236","LAC","Blake Griffin, Chris Paul, DeAndre Jordan, JJ Redick, Matt Barnes",22,100,91,102,100,2431,2596,2,9,-7,165
"41400236","HOU","Corey Brewer, Dwight Howard, Jason Terry, Terrence Jones, Trevor Ariza",23,79,92,85,94,2187,2349,6,2,4,162
"41400236","LAC","Blake Griffin, Chris Paul, DeAndre Jordan, Jamal Crawford, JJ Redick",23,102,100,104,112,2596,2819,2,12,-10,223
"41400236","HOU","Corey Brewer, Dwight Howard, Jason Terry, Josh Smith, Trevor Ariza",24,85,94,112,104,2349,2819,27,10,17,470
"41400236","LAC","Austin Rivers, Blake Griffin, Chris Paul, DeAndre Jordan, JJ Redick",24,104,112,104,113,2819,2819,0,1,-1,0
"41400236","HOU","Corey Brewer, James Harden, Jason Terry, Josh Smith, Trevor Ariza",25,112,104,113,104,2819,2819,1,0,1,0
"41400236","LAC","Austin Rivers, Blake Griffin, Chris Paul, Jamal Crawford, JJ Redick",25,104,113,104,114,2819,2827,0,1,-1,8
"41400236","HOU","Corey Brewer, Dwight Howard, Jason Terry, Josh Smith, Trevor Ariza",26,113,104,119,107,2819,2880,6,3,3,61
"41400236","LAC","Austin Rivers, Chris Paul, Jamal Crawford, JJ Redick, Spencer Hawes",26,104,114,107,119,2827,2880,3,5,-2,53
"41400237","HOU","Dwight Howard, James Harden, Jason Terry, Josh Smith, Trevor Ariza",0,0,0,14,13,0,418,14,13,1,418
"41400237","LAC","Blake Griffin, Chris Paul, DeAndre Jordan, JJ Redick, Matt Barnes",0,0,0,13,14,0,418,13,14,-1,418
"41400237","HOU","Dwight Howard, James Harden, Jason Terry, Terrence Jones, Trevor Ariza",1,14,13,14,13,418,418,0,0,0,0
"41400237","LAC","Blake Griffin, Chris Paul, DeAndre Jordan, Jamal Crawford, JJ Redick",1,13,14,13,19,418,508,0,5,-5,90
"41400237","HOU","Dwight Howard, James Harden, Pablo Prigioni, Terrence Jones, Trevor Ariza",2,14,13,15,13,418,448,1,0,1,30
"41400237","LAC","Austin Rivers, Blake Griffin, Chris Paul, DeAndre Jordan, Jamal Crawford",2,13,19,15,22,508,551,2,3,-1,43
"41400237","HOU","Corey Brewer, Dwight Howard, James Harden, Pablo Prigioni, Terrence Jones",3,15,13,19,13,448,508,4,0,4,60
"41400237","LAC","Austin Rivers, Chris Paul, DeAndre Jordan, Glen Davis, Jamal Crawford",3,15,22,17,24,551,629,2,2,0,78
"41400237","HOU","Clint Capela, Corey Brewer, James Harden, Pablo Prigioni, Terrence Jones",4,19,13,28,19,508,704,9,6,3,196
"41400237","LAC","Austin Rivers, Blake Griffin, Chris Paul, Glen Davis, Jamal Crawford",4,17,24,19,24,629,657,2,0,2,28
"41400237","HOU","Clint Capela, Corey Brewer, Pablo Prigioni, Terrence Jones, Trevor Ariza",5,28,19,28,21,704,720,0,2,-2,16
"41400237","LAC","Austin Rivers, Blake Griffin, Glen Davis, Jamal Crawford, JJ Redick",5,19,24,19,28,657,704,0,4,-4,47
"41400237","HOU","Corey Brewer, Dwight Howard, Pablo Prigioni, Terrence Jones, Trevor Ariza",6,28,21,33,21,720,821,5,0,5,101
"41400237","LAC","Austin Rivers, Blake Griffin, Jamal Crawford, JJ Redick, Spencer Hawes",6,19,28,21,33,704,812,2,5,-3,108
"41400237","HOU","Corey Brewer, Dwight Howard, Josh Smith, Pablo Prigioni, Trevor Ariza",7,33,21,43,33,821,977,10,12,-2,156
"41400237","LAC","Austin Rivers, Blake Griffin, DeAndre Jordan, Jamal Crawford, JJ Redick",7,21,33,21,33,812,821,0,0,0,9
"41400237","HOU","Corey Brewer, Dwight Howard, Jason Terry, Josh Smith, Trevor Ariza",8,43,33,43,33,977,977,0,0,0,0
"41400237","LAC","Blake Griffin, Chris Paul, DeAndre Jordan, Jamal Crawford, JJ Redick",8,21,33,33,48,821,1093,12,15,-3,272
"41400237","HOU","Dwight Howard, James Harden, Jason Terry, Josh Smith, Trevor Ariza",9,43,33,48,33,977,1093,5,0,5,116
"41400237","LAC","Blake Griffin, Chris Paul, DeAndre Jordan, JJ Redick, Matt Barnes",9,33,48,46,54,1093,1392,13,6,7,299
"41400237","HOU","Clint Capela, James Harden, Jason Terry, Josh Smith, Trevor Ariza",10,48,33,48,40,1093,1204,0,7,-7,111
"41400237","LAC","Blake Griffin, Chris Paul, DeAndre Jordan, Jamal Crawford, JJ Redick",10,46,54,46,56,1392,1440,0,2,-2,48
"41400237","HOU","Clint Capela, Dwight Howard, James Harden, Jason Terry, Trevor Ariza",11,48,40,48,40,1204,1204,0,0,0,0
"41400237","LAC","Blake Griffin, Chris Paul, DeAndre Jordan, JJ Redick, Matt Barnes",11,46,56,59,67,1440,1801,13,11,2,361
"41400237","HOU","Dwight Howard, James Harden, Jason Terry, Terrence Jones, Trevor Ariza",12,48,40,56,46,1204,1440,8,6,2,236
"41400237","LAC","Blake Griffin, Chris Paul, DeAndre Jordan, Jamal Crawford, JJ Redick",12,59,67,61,70,1801,1878,2,3,-1,77
"41400237","HOU","Dwight Howard, James Harden, Jason Terry, Josh Smith, Trevor Ariza",13,56,46,66,59,1440,1754,10,13,-3,314
"41400237","LAC","Austin Rivers, Blake Griffin, Chris Paul, DeAndre Jordan, Jamal Crawford",13,61,70,63,72,1878,1981,2,2,0,103
"41400237","HOU","Dwight Howard, James Harden, Josh Smith, Pablo Prigioni, Trevor Ariza",14,66,59,72,63,1754,1981,6,4,2,227
"41400237","LAC","Austin Rivers, Blake Griffin, Chris Paul, Glen Davis, Jamal Crawford",14,63,72,66,83,1981,2128,3,11,-8,147
"41400237","HOU","Corey Brewer, James Harden, Josh Smith, Pablo Prigioni, Trevor Ariza",15,72,63,72,63,1981,1981,0,0,0,0
"41400237","LAC","Austin Rivers, Blake Griffin, Chris Paul, Jamal Crawford, JJ Redick",15,66,83,68,85,2128,2160,2,2,0,32
"41400237","HOU","Corey Brewer, James Harden, Pablo Prigioni, Terrence Jones, Trevor Ariza",16,72,63,85,68,1981,2160,13,5,8,179
"41400237","LAC","Austin Rivers, Chris Paul, DeAndre Jordan, Jamal Crawford, JJ Redick",16,68,85,72,90,2160,2293,4,5,-1,133
"41400237","HOU","Corey Brewer, Dwight Howard, James Harden, Pablo Prigioni, Trevor Ariza",17,85,68,90,74,2160,2330,5,6,-1,170
"41400237","LAC","Austin Rivers, Blake Griffin, Chris Paul, Jamal Crawford, JJ Redick",17,72,90,74,90,2293,2329,2,0,2,36
"41400237","HOU","Corey Brewer, James Harden, Pablo Prigioni, Terrence Jones, Trevor Ariza",18,90,74,94,76,2330,2402,4,2,2,72
"41400237","LAC","Austin Rivers, Blake Griffin, Chris Paul, Dahntay Jones, JJ Redick",18,74,90,74,90,2329,2330,0,0,0,1
"41400237","HOU","Corey Brewer, Dwight Howard, James Harden, Terrence Jones, Trevor Ariza",19,94,76,94,76,2402,2424,0,0,0,22
"41400237","LAC","Austin Rivers, Blake Griffin, Chris Paul, Jamal Crawford, JJ Redick",19,74,90,76,94,2330,2402,2,4,-2,72
"41400237","HOU","Corey Brewer, James Harden, Jason Terry, Terrence Jones, Trevor Ariza",20,94,76,94,76,2424,2444,0,0,0,20
"41400237","LAC","Austin Rivers, Blake Griffin, Chris Paul, JJ Redick, Matt Barnes",20,76,94,76,94,2402,2402,0,0,0,0
"41400237","HOU","Corey Brewer, Dwight Howard, James Harden, Terrence Jones, Trevor Ariza",21,94,76,94,78,2444,2450,0,2,-2,6
"41400237","LAC","Blake Griffin, Chris Paul, DeAndre Jordan, JJ Redick, Matt Barnes",21,76,94,76,94,2402,2424,0,0,0,22
"41400237","HOU","Corey Brewer, James Harden, Jason Terry, Terrence Jones, Trevor Ariza",22,94,78,104,94,2450,2780,10,16,-6,330
"41400237","LAC","Blake Griffin, Chris Paul, Dahntay Jones, JJ Redick, Matt Barnes",22,76,94,76,94,2424,2444,0,0,0,20
"41400237","HOU","Dwight Howard, James Harden, Jason Terry, Terrence Jones, Trevor Ariza",23,104,94,109,98,2780,2835,5,4,1,55
"41400237","LAC","Blake Griffin, Chris Paul, DeAndre Jordan, JJ Redick, Matt Barnes",23,76,94,85,102,2444,2620,9,8,1,176
"41400237","HOU","Corey Brewer, Dwight Howard, James Harden, Jason Terry, Trevor Ariza",24,109,98,113,100,2835,2862,4,2,2,27
"41400237","LAC","Blake Griffin, Chris Paul, DeAndre Jordan, Jamal Crawford, JJ Redick",24,85,102,98,109,2620,2835,13,7,6,215
"41400237","HOU","Clint Capela, Corey Brewer, James Harden, Jason Terry, Trevor Ariza",25,113,100,113,100,2862,2862,0,0,0,0
"41400237","LAC","Austin Rivers, Blake Griffin, Chris Paul, Jamal Crawford, JJ Redick",25,98,109,100,113,2835,2862,2,4,-2,27
"41400237","HOU","Clint Capela, Corey Brewer, Jason Terry, Nick Johnson, Trevor Ariza",26,113,100,113,100,2862,2862,0,0,0,0
"41400237","LAC","Austin Rivers, Blake Griffin, Jamal Crawford, JJ Redick, Lester Hudson",26,100,113,100,113,2862,2862,0,0,0,0
"41400237","HOU","Clint Capela, Corey Brewer, Jason Terry, Kostas Papanikolaou, Nick Johnson",27,113,100,113,100,2862,2880,0,0,0,18
"41400237","LAC","Austin Rivers, Glen Davis, Jamal Crawford, JJ Redick, Lester Hudson",27,100,113,100,113,2862,2862,0,0,0,0
"41400237","LAC","Austin Rivers, Dahntay Jones, Glen Davis, Jamal Crawford, Lester Hudson",28,100,113,100,113,2862,2880,0,0,0,18
"41400301","ATL","Al Horford, DeMarre Carroll, Jeff Teague, Kyle Korver, Paul Millsap",0,0,0,16,9,0,339,16,9,7,339
"41400301","CLE","Iman Shumpert, Kyrie Irving, LeBron James, Timofey Mozgov, Tristan Thompson",0,0,0,12,16,0,385,12,16,-4,385
"41400301","ATL","Al Horford, DeMarre Carroll, Jeff Teague, Kyle Korver, Pero Antic",1,16,9,16,12,339,385,0,3,-3,46
"41400301","CLE","Iman Shumpert, James Jones, Kyrie Irving, LeBron James, Tristan Thompson",1,12,16,12,16,385,385,0,0,0,0
"41400301","ATL","Al Horford, DeMarre Carroll, Dennis Schroder, Jeff Teague, Pero Antic",2,16,12,22,15,385,496,6,3,3,111
"41400301","CLE","James Jones, JR Smith, Kyrie Irving, LeBron James, Tristan Thompson",2,12,16,15,22,385,536,3,6,-3,151
"41400301","ATL","Al Horford, DeMarre Carroll, Dennis Schroder, Kent Bazemore, Pero Antic",3,22,15,24,15,496,545,2,0,2,49
"41400301","CLE","Iman Shumpert, James Jones, JR Smith, Kyrie Irving, Tristan Thompson",3,15,22,20,26,536,703,5,4,1,167
"41400301","ATL","Al Horford, Dennis Schroder, Kent Bazemore, Paul Millsap, Pero Antic",4,24,15,24,15,545,545,0,0,0,0
"41400301","CLE","Iman Shumpert, James Jones, JR Smith, Matthew Dellavedova, Tristan Thompson",4,20,26,20,26,703,720,0,0,0,17
"41400301","ATL","Dennis Schroder, Kent Bazemore, Kyle Korver, Paul Millsap, Pero Antic",5,24,15,24,19,545,606,0,4,-4,61
"41400301","CLE","Iman Shumpert, JR Smith, LeBron James, Matthew Dellavedova, Tristan Thompson",5,20,26,25,30,720,826,5,4,1,106
"41400301","ATL","Al Horford, Dennis Schroder, Kent Bazemore, Kyle Korver, Paul Millsap",6,24,19,24,20,606,625,0,1,-1,19
"41400301","CLE","Iman Shumpert, JR Smith, LeBron James, Matthew Dellavedova, Timofey Mozgov",6,25,30,35,37,826,1064,10,7,3,238
"41400301","ATL","Dennis Schroder, Kent Bazemore, Kyle Korver, Mike Muscala, Paul Millsap",7,24,20,26,20,625,703,2,0,2,78
"41400301","CLE","Iman Shumpert, JR Smith, Kyrie Irving, LeBron James, Timofey Mozgov",7,35,37,35,39,1064,1078,0,2,-2,14
"41400301","ATL","DeMarre Carroll, Dennis Schroder, Kyle Korver, Mike Muscala, Paul Millsap",8,26,20,26,20,703,720,0,0,0,17
"41400301","CLE","JR Smith, Kyrie Irving, LeBron James, Timofey Mozgov, Tristan Thompson",8,35,39,39,43,1078,1196,4,4,0,118
"41400301","ATL","Dennis Schroder, Jeff Teague, Kyle Korver, Mike Muscala, Paul Millsap",9,26,20,26,20,720,737,0,0,0,17
"41400301","CLE","Kyrie Irving, LeBron James, Matthew Dellavedova, Timofey Mozgov, Tristan Thompson",9,39,43,45,47,1196,1338,6,4,2,142
"41400301","ATL","DeMarre Carroll, Jeff Teague, Kyle Korver, Mike Muscala, Paul Millsap",10,26,20,30,25,737,826,4,5,-1,89
"41400301","CLE","JR Smith, Kyrie Irving, LeBron James, Matthew Dellavedova, Tristan Thompson",10,45,47,51,51,1338,1440,6,4,2,102
"41400301","ATL","Al Horford, DeMarre Carroll, Jeff Teague, Kyle Korver, Mike Muscala",11,30,25,37,35,826,1064,7,10,-3,238
"41400301","CLE","Iman Shumpert, Kyrie Irving, LeBron James, Timofey Mozgov, Tristan Thompson",11,51,51,58,56,1440,1646,7,5,2,206
"41400301","ATL","Al Horford, DeMarre Carroll, Jeff Teague, Kyle Korver, Paul Millsap",12,37,35,37,35,1064,1064,0,0,0,0
"41400301","CLE","Iman Shumpert, JR Smith, Kyrie Irving, Timofey Mozgov, Tristan Thompson",12,58,56,62,61,1646,1782,4,5,-1,136
"41400301","ATL","Al Horford, DeMarre Carroll, Dennis Schroder, Jeff Teague, Paul Millsap",13,37,35,47,45,1064,1338,10,10,0,274
"41400301","CLE","JR Smith, Kyrie Irving, LeBron James, Timofey Mozgov, Tristan Thompson",13,62,61,63,61,1782,1815,1,0,1,33
"41400301","ATL","DeMarre Carroll, Dennis Schroder, Jeff Teague, Mike Muscala, Paul Millsap",14,47,45,47,45,1338,1338,0,0,0,0
"41400301","CLE","JR Smith, LeBron James, Matthew Dellavedova, Timofey Mozgov, Tristan Thompson",14,63,61,63,63,1815,1868,0,2,-2,53
"41400301","ATL","DeMarre Carroll, Jeff Teague, Kyle Korver, Mike Muscala, Paul Millsap",15,47,45,49,47,1338,1393,2,2,0,55
"41400301","CLE","James Jones, JR Smith, LeBron James, Matthew Dellavedova, Tristan Thompson",15,63,63,71,65,1868,2090,8,2,6,222
"41400301","ATL","DeMarre Carroll, Dennis Schroder, Jeff Teague, Mike Muscala, Paul Millsap",16,49,47,49,47,1393,1393,0,0,0,0
"41400301","CLE","Iman Shumpert, James Jones, JR Smith, Matthew Dellavedova, Tristan Thompson",16,71,65,74,67,2090,2176,3,2,1,86
"41400301","ATL","DeMarre Carroll, Dennis Schroder, Kent Bazemore, Mike Muscala, Paul Millsap",17,49,47,51,51,1393,1440,2,4,-2,47
"41400301","CLE","Iman Shumpert, James Jones, JR Smith, Kyrie Irving, Tristan Thompson",17,74,67,85,74,2176,2361,11,7,4,185
"41400301","ATL","Al Horford, DeMarre Carroll, Jeff Teague, Kyle Korver, Paul Millsap",18,51,51,61,62,1440,1782,10,11,-1,342
"41400301","CLE","Iman Shumpert, James Jones, JR Smith, LeBron James, Tristan Thompson",18,85,74,85,74,2361,2361,0,0,0,0
"41400301","ATL","DeMarre Carroll, Jeff Teague, Kyle Korver, Paul Millsap, Pero Antic",19,61,62,61,63,1782,1815,0,1,-1,33
"41400301","CLE","Iman Shumpert, JR Smith, LeBron James, Matthew Dellavedova, Tristan Thompson",19,85,74,90,74,2361,2486,5,0,5,125
"41400301","ATL","DeMarre Carroll, Dennis Schroder, Jeff Teague, Paul Millsap, Pero Antic",20,61,63,63,63,1815,1863,2,0,2,48
"41400301","CLE","Iman Shumpert, JR Smith, LeBron James, Matthew Dellavedova, Timofey Mozgov",20,90,74,90,77,2486,2581,0,3,-3,95
"41400301","ATL","Dennis Schroder, Jeff Teague, Kent Bazemore, Paul Millsap, Pero Antic",21,63,63,63,63,1863,1868,0,0,0,5
"41400301","CLE","Iman Shumpert, JR Smith, LeBron James, Matthew Dellavedova, Tristan Thompson",21,90,77,93,87,2581,2860,3,10,-7,279
"41400301","ATL","DeMarre Carroll, Dennis Schroder, Kent Bazemore, Paul Millsap, Pero Antic",22,63,63,65,71,1868,2034,2,8,-6,166
"41400301","CLE","Iman Shumpert, James Jones, JR Smith, LeBron James, Matthew Dellavedova",22,93,87,95,87,2860,2862,2,0,2,2
"41400301","ATL","Al Horford, DeMarre Carroll, Dennis Schroder, Kent Bazemore, Paul Millsap",23,65,71,65,71,2034,2034,0,0,0,0
"41400301","CLE","Iman Shumpert, JR Smith, LeBron James, Matthew Dellavedova, Tristan Thompson",23,95,87,97,89,2862,2874,2,2,0,12
"41400301","ATL","Al Horford, Dennis Schroder, Kent Bazemore, Kyle Korver, Paul Millsap",24,65,71,65,71,2034,2090,0,0,0,56
"41400301","CLE","Iman Shumpert, James Jones, JR Smith, Matthew Dellavedova, Tristan Thompson",24,97,89,97,89,2874,2880,0,0,0,6
"41400301","ATL","Al Horford, Dennis Schroder, Kent Bazemore, Kyle Korver, Pero Antic",25,65,71,67,74,2090,2160,2,3,-1,70
"41400301","ATL","Al Horford, Dennis Schroder, Jeff Teague, Kyle Korver, Mike Muscala",26,67,74,67,82,2160,2253,0,8,-8,93
"41400301","ATL","Al Horford, Jeff Teague, Kent Bazemore, Kyle Korver, Mike Muscala",27,67,82,67,82,2253,2253,0,0,0,0
"41400301","ATL","Al Horford, Jeff Teague, Kent Bazemore, Kyle Korver, Paul Millsap",28,67,82,74,85,2253,2361,7,3,4,108
"41400301","ATL","Al Horford, DeMarre Carroll, Jeff Teague, Kyle Korver, Paul Millsap",29,74,85,77,90,2361,2581,3,5,-2,220
"41400301","ATL","Al Horford, Elton Brand, Jeff Teague, Kyle Korver, Paul Millsap",30,77,90,77,91,2581,2581,0,1,-1,0
"41400301","ATL","Al Horford, Jeff Teague, Kent Bazemore, Kyle Korver, Paul Millsap",31,77,91,87,93,2581,2860,10,2,8,279
"41400301","ATL","Al Horford, Dennis Schroder, Jeff Teague, Kent Bazemore, Kyle Korver",32,87,93,87,93,2860,2860,0,0,0,0
"41400301","ATL","Al Horford, Jeff Teague, Kent Bazemore, Kyle Korver, Pero Antic",33,87,93,87,95,2860,2862,0,2,-2,2
"41400301","ATL","Al Horford, Jeff Teague, Kent Bazemore, Kyle Korver, Paul Millsap",34,87,95,89,97,2862,2874,2,2,0,12
"41400301","ATL","Al Horford, Jeff Teague, Kent Bazemore, Kyle Korver, Pero Antic",35,89,97,89,97,2874,2880,0,0,0,6
"41400302","ATL","Al Horford, DeMarre Carroll, Jeff Teague, Kyle Korver, Paul Millsap",0,0,0,5,11,0,312,5,11,-6,312
"41400302","CLE","Iman Shumpert, LeBron James, Matthew Dellavedova, Timofey Mozgov, Tristan Thompson",0,0,0,11,7,0,373,11,7,4,373
"41400302","ATL","Al Horford, DeMarre Carroll, Jeff Teague, Kyle Korver, Pero Antic",1,5,11,7,11,312,373,2,0,2,61
"41400302","CLE","JR Smith, LeBron James, Matthew Dellavedova, Timofey Mozgov, Tristan Thompson",1,11,7,15,15,373,530,4,8,-4,157
"41400302","ATL","DeMarre Carroll, Jeff Teague, Kyle Korver, Paul Millsap, Pero Antic",2,7,11,15,15,373,530,8,4,4,157
"41400302","CLE","James Jones, JR Smith, LeBron James, Matthew Dellavedova, Tristan Thompson",2,15,15,17,17,530,583,2,2,0,53
"41400302","ATL","Jeff Teague, Kent Bazemore, Kyle Korver, Paul Millsap, Pero Antic",3,15,15,15,15,530,530,0,0,0,0
"41400302","CLE","Iman Shumpert, James Jones, JR Smith, LeBron James, Tristan Thompson",3,17,17,26,19,583,693,9,2,7,110
"41400302","ATL","Dennis Schroder, Kent Bazemore, Kyle Korver, Paul Millsap, Pero Antic",4,15,15,17,19,530,603,2,4,-2,73
"41400302","CLE","James Jones, JR Smith, LeBron James, Shawn Marion, Tristan Thompson",4,26,19,26,21,693,720,0,2,-2,27
"41400302","ATL","Dennis Schroder, Kent Bazemore, Kyle Korver, Mike Scott, Paul Millsap",5,17,19,17,19,603,603,0,0,0,0
"41400302","CLE","James Jones, JR Smith, Matthew Dellavedova, Shawn Marion, Tristan Thompson",5,26,21,31,23,720,799,5,2,3,79
"41400302","ATL","Al Horford, Dennis Schroder, Kent Bazemore, Kyle Korver, Mike Scott",6,17,19,19,26,603,693,2,7,-5,90
"41400302","CLE","James Jones, JR Smith, Matthew Dellavedova, Shawn Marion, Timofey Mozgov",6,31,23,35,27,799,896,4,4,0,97
"41400302","ATL","Al Horford, DeMarre Carroll, Dennis Schroder, Kyle Korver, Mike Scott",7,19,26,21,26,693,720,2,0,2,27
"41400302","CLE","James Jones, JR Smith, LeBron James, Matthew Dellavedova, Timofey Mozgov",7,35,27,35,29,896,918,0,2,-2,22
"41400302","ATL","Al Horford, Dennis Schroder, Jeff Teague, Kent Bazemore, Mike Scott",8,21,26,23,31,720,799,2,5,-3,79
"41400302","CLE","JR Smith, LeBron James, Matthew Dellavedova, Timofey Mozgov, Tristan Thompson",8,35,29,36,33,918,1032,1,4,-3,114
"41400302","ATL","Al Horford, Dennis Schroder, Jeff Teague, Kent Bazemore, Paul Millsap",9,23,31,25,35,799,851,2,4,-2,52
"41400302","CLE","Iman Shumpert, JR Smith, LeBron James, Matthew Dellavedova, Tristan Thompson",9,36,33,38,33,1032,1103,2,0,2,71
"41400302","ATL","Dennis Schroder, Jeff Teague, Kent Bazemore, Mike Scott, Paul Millsap",10,25,35,25,35,851,851,0,0,0,0
"41400302","CLE","Iman Shumpert, James Jones, JR Smith, LeBron James, Tristan Thompson",10,38,33,54,49,1103,1440,16,16,0,337
"41400302","ATL","DeMarre Carroll, Jeff Teague, Kent Bazemore, Mike Scott, Paul Millsap",11,25,35,25,35,851,868,0,0,0,17
"41400302","CLE","Iman Shumpert, LeBron James, Matthew Dellavedova, Timofey Mozgov, Tristan Thompson",11,54,49,75,56,1440,1893,21,7,14,453
"41400302","ATL","Al Horford, DeMarre Carroll, Jeff Teague, Kent Bazemore, Paul Millsap",12,25,35,27,35,868,896,2,0,2,28
"41400302","CLE","Iman Shumpert, James Jones, LeBron James, Matthew Dellavedova, Tristan Thompson",12,75,56,78,62,1893,2025,3,6,-3,132
"41400302","ATL","Al Horford, DeMarre Carroll, Jeff Teague, Kyle Korver, Paul Millsap",13,27,35,33,36,896,1032,6,1,5,136
"41400302","CLE","James Jones, JR Smith, LeBron James, Matthew Dellavedova, Tristan Thompson",13,78,62,82,66,2025,2118,4,4,0,93
"41400302","ATL","DeMarre Carroll, Jeff Teague, Kyle Korver, Mike Scott, Paul Millsap",14,33,36,38,43,1032,1164,5,7,-2,132
"41400302","CLE","Iman Shumpert, James Jones, JR Smith, LeBron James, Tristan Thompson",14,82,66,84,66,2118,2160,2,0,2,42
"41400302","ATL","DeMarre Carroll, Dennis Schroder, Kyle Korver, Mike Scott, Paul Millsap",15,38,43,38,43,1164,1164,0,0,0,0
"41400302","CLE","Iman Shumpert, James Jones, JR Smith, Matthew Dellavedova, Tristan Thompson",15,84,66,86,72,2160,2361,2,6,-4,201
"41400302","ATL","Al Horford, DeMarre Carroll, Dennis Schroder, Kyle Korver, Mike Scott",16,38,43,40,48,1164,1313,2,5,-3,149
"41400302","CLE","Iman Shumpert, JR Smith, LeBron James, Matthew Dellavedova, Tristan Thompson",16,86,72,93,74,2361,2587,7,2,5,226
"41400302","ATL","Al Horford, DeMarre Carroll, Jeff Teague, Kyle Korver, Mike Scott",17,40,48,40,48,1313,1313,0,0,0,0
"41400302","CLE","Iman Shumpert, JR Smith, LeBron James, Matthew Dellavedova, Timofey Mozgov",17,93,74,94,75,2587,2700,1,1,0,113
"41400302","ATL","Al Horford, DeMarre Carroll, Jeff Teague, Kyle Korver, Paul Millsap",18,40,48,56,70,1313,1801,16,22,-6,488
"41400302","CLE","JR Smith, LeBron James, Matthew Dellavedova, Shawn Marion, Timofey Mozgov",18,94,75,94,75,2700,2715,0,0,0,15
"41400302","ATL","Al Horford, DeMarre Carroll, Jeff Teague, Kyle Korver, Mike Scott",19,56,70,56,75,1801,1893,0,5,-5,92
"41400302","CLE","James Jones, JR Smith, Matthew Dellavedova, Shawn Marion, Timofey Mozgov",19,94,75,94,78,2715,2750,0,3,-3,35
"41400302","ATL","Al Horford, Jeff Teague, Kyle Korver, Mike Scott, Paul Millsap",20,56,75,56,75,1893,1893,0,0,0,0
"41400302","CLE","James Jones, Joe Harris, JR Smith, Shawn Marion, Timofey Mozgov",20,94,78,94,82,2750,2880,0,4,-4,130
"41400302","ATL","Dennis Schroder, Jeff Teague, Kyle Korver, Mike Scott, Paul Millsap",21,56,75,56,75,1893,1893,0,0,0,0
"41400302","ATL","Dennis Schroder, Kent Bazemore, Kyle Korver, Mike Scott, Paul Millsap",22,56,75,66,81,1893,2099,10,6,4,206
"41400302","ATL","Al Horford, Dennis Schroder, Kent Bazemore, Mike Scott, Paul Millsap",23,66,81,66,81,2099,2099,0,0,0,0
"41400302","ATL","Al Horford, Dennis Schroder, Kent Bazemore, Paul Millsap, Shelvin Mack",24,66,81,66,82,2099,2118,0,1,-1,19
"41400302","ATL","Al Horford, Dennis Schroder, Kent Bazemore, Mike Scott, Shelvin Mack",25,66,82,66,84,2118,2160,0,2,-2,42
"41400302","ATL","Al Horford, DeMarre Carroll, Jeff Teague, Mike Scott, Shelvin Mack",26,66,84,66,84,2160,2177,0,0,0,17
"41400302","ATL","DeMarre Carroll, Jeff Teague, Mike Scott, Pero Antic, Shelvin Mack",27,66,84,72,86,2177,2361,6,2,4,184
"41400302","ATL","Al Horford, DeMarre Carroll, Jeff Teague, Mike Scott, Shelvin Mack",28,72,86,72,88,2361,2484,0,2,-2,123
"41400302","ATL","Al Horford, DeMarre Carroll, Kent Bazemore, Mike Scott, Shelvin Mack",29,72,88,74,93,2484,2587,2,5,-3,103
"41400302","ATL","Al Horford, John Jenkins, Kent Bazemore, Mike Scott, Shelvin Mack",30,74,93,74,93,2587,2587,0,0,0,0
"41400302","ATL","John Jenkins, Kent Bazemore, Mike Scott, Pero Antic, Shelvin Mack",31,74,93,74,93,2587,2587,0,0,0,0
"41400302","ATL","John Jenkins, Mike Muscala, Mike Scott, Pero Antic, Shelvin Mack",32,74,93,82,94,2587,2880,8,1,7,293
"41400303","ATL","Al Horford, DeMarre Carroll, Jeff Teague, Kent Bazemore, Paul Millsap",0,0,0,16,7,0,372,16,7,9,372
"41400303","CLE","Iman Shumpert, LeBron James, Matthew Dellavedova, Timofey Mozgov, Tristan Thompson",0,0,0,7,16,0,372,7,16,-9,372
"41400303","ATL","Al Horford, DeMarre Carroll, Jeff Teague, Paul Millsap, Shelvin Mack",1,16,7,16,7,372,372,0,0,0,0
"41400303","CLE","Iman Shumpert, JR Smith, LeBron James, Timofey Mozgov, Tristan Thompson",1,7,16,7,16,372,372,0,0,0,0
"41400303","ATL","DeMarre Carroll, Jeff Teague, Mike Scott, Paul Millsap, Shelvin Mack",2,16,7,21,15,372,512,5,8,-3,140
"41400303","CLE","Iman Shumpert, James Jones, JR Smith, LeBron James, Tristan Thompson",2,7,16,13,21,372,466,6,5,1,94
"41400303","ATL","DeMarre Carroll, Dennis Schroder, Mike Scott, Paul Millsap, Shelvin Mack",3,21,15,21,15,512,512,0,0,0,0
"41400303","CLE","James Jones, JR Smith, LeBron James, Matthew Dellavedova, Tristan Thompson",3,13,21,13,21,466,466,0,0,0,0
"41400303","ATL","Dennis Schroder, Kent Bazemore, Mike Scott, Paul Millsap, Shelvin Mack",4,21,15,21,15,512,512,0,0,0,0
"41400303","CLE","James Jones, JR Smith, Matthew Dellavedova, Shawn Marion, Tristan Thompson",4,13,21,15,21,466,529,2,0,2,63
"41400303","ATL","Al Horford, Dennis Schroder, Kent Bazemore, Mike Scott, Shelvin Mack",5,21,15,24,21,512,696,3,6,-3,184
"41400303","CLE","James Jones, JR Smith, Matthew Dellavedova, Shawn Marion, Timofey Mozgov",5,15,21,21,24,529,696,6,3,3,167
"41400303","ATL","Al Horford, Dennis Schroder, Kent Bazemore, Paul Millsap, Shelvin Mack",6,24,21,24,21,696,720,0,0,0,24
"41400303","CLE","James Jones, JR Smith, LeBron James, Matthew Dellavedova, Timofey Mozgov",6,21,24,21,24,696,696,0,0,0,0
"41400303","ATL","Al Horford, Jeff Teague, Kent Bazemore, Paul Millsap, Shelvin Mack",7,24,21,24,24,720,828,0,3,-3,108
"41400303","CLE","James Jones, JR Smith, LeBron James, Matthew Dellavedova, Tristan Thompson",7,21,24,21,24,696,776,0,0,0,80
"41400303","ATL","Al Horford, DeMarre Carroll, Jeff Teague, Kent Bazemore, Paul Millsap",8,24,24,29,24,828,910,5,0,5,82
"41400303","CLE","Iman Shumpert, JR Smith, LeBron James, Matthew Dellavedova, Tristan Thompson",8,21,24,26,31,776,955,5,7,-2,179
"41400303","ATL","DeMarre Carroll, Jeff Teague, Kent Bazemore, Mike Scott, Paul Millsap",9,29,24,33,28,910,1029,4,4,0,119
"41400303","CLE","Iman Shumpert, James Jones, JR Smith, LeBron James, Tristan Thompson",9,26,31,30,38,955,1118,4,7,-3,163
"41400303","ATL","DeMarre Carroll, Jeff Teague, Mike Scott, Paul Millsap, Shelvin Mack",10,33,28,33,28,1029,1029,0,0,0,0
"41400303","CLE","Iman Shumpert, James Jones, JR Smith, LeBron James, Timofey Mozgov",10,30,38,38,40,1118,1234,8,2,6,116
"41400303","ATL","Al Horford, DeMarre Carroll, Jeff Teague, Mike Scott, Shelvin Mack",11,33,28,38,30,1029,1118,5,2,3,89
"41400303","CLE","James Jones, JR Smith, LeBron James, Matthew Dellavedova, Timofey Mozgov",11,38,40,48,49,1234,1406,10,9,1,172
"41400303","ATL","Al Horford, DeMarre Carroll, Kent Bazemore, Mike Scott, Shelvin Mack",12,38,30,38,33,1118,1178,0,3,-3,60
"41400303","CLE","James Jones, JR Smith, LeBron James, Matthew Dellavedova, Tristan Thompson",12,48,49,48,49,1406,1438,0,0,0,32
"41400303","ATL","Al Horford, DeMarre Carroll, Kent Bazemore, Paul Millsap, Shelvin Mack",13,38,33,40,42,1178,1269,2,9,-7,91
"41400303","CLE","James Jones, LeBron James, Matthew Dellavedova, Shawn Marion, Tristan Thompson",13,48,49,48,49,1438,1440,0,0,0,2
"41400303","ATL","Al Horford, DeMarre Carroll, Jeff Teague, Kent Bazemore, Paul Millsap",14,40,42,48,47,1269,1406,8,5,3,137
"41400303","CLE","Iman Shumpert, LeBron James, Matthew Dellavedova, Timofey Mozgov, Tristan Thompson",14,48,49,72,67,1440,1963,24,18,6,523
"41400303","ATL","DeMarre Carroll, Jeff Teague, Kent Bazemore, Mike Scott, Paul Millsap",15,48,47,49,48,1406,1440,1,1,0,34
"41400303","CLE","Iman Shumpert, James Jones, LeBron James, Matthew Dellavedova, Tristan Thompson",15,72,67,72,67,1963,1963,0,0,0,0
"41400303","ATL","DeMarre Carroll, Jeff Teague, Kent Bazemore, Mike Muscala, Paul Millsap",16,49,48,56,61,1440,1699,7,13,-6,259
"41400303","CLE","Iman Shumpert, James Jones, JR Smith, LeBron James, Tristan Thompson",16,72,67,77,71,1963,2070,5,4,1,107
"41400303","ATL","DeMarre Carroll, Jeff Teague, Kent Bazemore, Mike Scott, Paul Millsap",17,56,61,58,65,1699,1755,2,4,-2,56
"41400303","CLE","James Jones, JR Smith, LeBron James, Matthew Dellavedova, Tristan Thompson",17,77,71,81,76,2070,2160,4,5,-1,90
"41400303","ATL","DeMarre Carroll, Jeff Teague, Mike Scott, Paul Millsap, Shelvin Mack",18,58,65,67,72,1755,1963,9,7,2,208
"41400303","CLE","Iman Shumpert, James Jones, JR Smith, Matthew Dellavedova, Tristan Thompson",18,81,76,88,82,2160,2304,7,6,1,144
"41400303","ATL","DeMarre Carroll, Kent Bazemore, Mike Scott, Paul Millsap, Shelvin Mack",19,67,72,69,74,1963,2017,2,2,0,54
"41400303","CLE","Iman Shumpert, JR Smith, LeBron James, Matthew Dellavedova, Tristan Thompson",19,88,82,95,93,2304,2511,7,11,-4,207
"41400303","ATL","Kent Bazemore, Mike Muscala, Mike Scott, Paul Millsap, Shelvin Mack",20,69,74,76,81,2017,2149,7,7,0,132
"41400303","CLE","Iman Shumpert, James Jones, JR Smith, LeBron James, Matthew Dellavedova",20,95,93,100,100,2511,2682,5,7,-2,171
"41400303","ATL","DeMarre Carroll, Kent Bazemore, Mike Muscala, Paul Millsap, Shelvin Mack",21,76,81,76,81,2149,2160,0,0,0,11
"41400303","CLE","Iman Shumpert, JR Smith, LeBron James, Matthew Dellavedova, Tristan Thompson",21,100,100,114,111,2682,3180,14,11,3,498
"41400303","ATL","Jeff Teague, Kent Bazemore, Mike Muscala, Paul Millsap, Shelvin Mack",22,76,81,78,86,2160,2212,2,5,-3,52
"41400303","ATL","Jeff Teague, Kent Bazemore, Mike Scott, Paul Millsap, Shelvin Mack",23,78,86,80,88,2212,2290,2,2,0,78
"41400303","ATL","Jeff Teague, Kent Bazemore, Mike Muscala, Mike Scott, Shelvin Mack",24,80,88,80,88,2290,2290,0,0,0,0
"41400303","ATL","DeMarre Carroll, Jeff Teague, Kent Bazemore, Mike Muscala, Mike Scott",25,80,88,84,93,2290,2393,4,5,-1,103
"41400303","ATL","DeMarre Carroll, Jeff Teague, Mike Muscala, Mike Scott, Shelvin Mack",26,84,93,84,93,2393,2393,0,0,0,0
"41400303","ATL","DeMarre Carroll, Jeff Teague, Mike Scott, Paul Millsap, Shelvin Mack",27,84,93,93,95,2393,2511,9,2,7,118
"41400303","ATL","DeMarre Carroll, Kent Bazemore, Mike Scott, Paul Millsap, Shelvin Mack",28,93,95,95,95,2511,2581,2,0,2,70
"41400303","ATL","DeMarre Carroll, Jeff Teague, Kent Bazemore, Mike Scott, Paul Millsap",29,95,95,104,104,2581,2862,9,9,0,281
"41400303","ATL","Jeff Teague, Kent Bazemore, Mike Muscala, Mike Scott, Paul Millsap",30,104,104,104,104,2862,2863,0,0,0,1
"41400303","ATL","Jeff Teague, Mike Muscala, Mike Scott, Paul Millsap, Shelvin Mack",31,104,104,104,104,2863,2863,0,0,0,0
"41400303","ATL","DeMarre Carroll, Jeff Teague, Mike Scott, Paul Millsap, Shelvin Mack",32,104,104,104,104,2863,2880,0,0,0,17
"41400303","ATL","DeMarre Carroll, Jeff Teague, Kent Bazemore, Mike Scott, Paul Millsap",33,104,104,106,104,2880,2933,2,0,2,53
"41400303","ATL","Jeff Teague, Kent Bazemore, Mike Scott, Paul Millsap, Shelvin Mack",34,106,104,106,109,2933,3025,0,5,-5,92
"41400303","ATL","DeMarre Carroll, Jeff Teague, Kent Bazemore, Paul Millsap, Shelvin Mack",35,106,109,108,109,3025,3104,2,0,2,79
"41400303","ATL","Jeff Teague, Kent Bazemore, Mike Scott, Paul Millsap, Shelvin Mack",36,108,109,111,112,3104,3144,3,3,0,40
"41400303","ATL","DeMarre Carroll, Jeff Teague, Mike Scott, Paul Millsap, Shelvin Mack",37,111,112,111,112,3144,3149,0,0,0,5
"41400303","ATL","DeMarre Carroll, Jeff Teague, Kent Bazemore, Paul Millsap, Shelvin Mack",38,111,112,111,114,3149,3168,0,2,-2,19
"41400303","ATL","Jeff Teague, Kent Bazemore, Paul Millsap, Pero Antic, Shelvin Mack",39,111,114,111,114,3168,3168,0,0,0,0
"41400303","ATL","Jeff Teague, Mike Scott, Paul Millsap, Pero Antic, Shelvin Mack",40,111,114,111,114,3168,3180,0,0,0,12
"41400304","ATL","Al Horford, DeMarre Carroll, Jeff Teague, Kent Bazemore, Paul Millsap",0,0,0,10,17,0,323,10,17,-7,323
"41400304","CLE","Iman Shumpert, Kyrie Irving, LeBron James, Timofey Mozgov, Tristan Thompson",0,0,0,14,10,0,290,14,10,4,290
"41400304","ATL","Al Horford, DeMarre Carroll, Jeff Teague, Paul Millsap, Shelvin Mack",1,10,17,10,17,323,323,0,0,0,0
"41400304","CLE","Iman Shumpert, LeBron James, Matthew Dellavedova, Timofey Mozgov, Tristan Thompson",1,14,10,22,14,290,493,8,4,4,203
"41400304","ATL","Al Horford, DeMarre Carroll, Jeff Teague, Mike Scott, Shelvin Mack",2,10,17,14,22,323,493,4,5,-1,170
"41400304","CLE","Iman Shumpert, Kyrie Irving, Matthew Dellavedova, Timofey Mozgov, Tristan Thompson",2,22,14,22,14,493,493,0,0,0,0
"41400304","ATL","Al Horford, Jeff Teague, Mike Scott, Paul Millsap, Shelvin Mack",3,14,22,14,22,493,493,0,0,0,0
"41400304","CLE","Iman Shumpert, JR Smith, Kyrie Irving, Matthew Dellavedova, Tristan Thompson",3,22,14,22,14,493,493,0,0,0,0
"41400304","ATL","Dennis Schroder, Jeff Teague, Mike Scott, Paul Millsap, Shelvin Mack",4,14,22,14,22,493,493,0,0,0,0
"41400304","CLE","Iman Shumpert, James Jones, JR Smith, Kyrie Irving, Tristan Thompson",4,22,14,26,20,493,643,4,6,-2,150
"41400304","ATL","Dennis Schroder, Kent Bazemore, Mike Scott, Paul Millsap, Shelvin Mack",5,14,22,14,24,493,539,0,2,-2,46
"41400304","CLE","Iman Shumpert, JR Smith, Kyrie Irving, Timofey Mozgov, Tristan Thompson",5,26,20,32,20,643,720,6,0,6,77
"41400304","ATL","Al Horford, Dennis Schroder, Kent Bazemore, Paul Millsap, Shelvin Mack",6,14,24,20,26,539,643,6,2,4,104
"41400304","CLE","Iman Shumpert, JR Smith, LeBron James, Matthew Dellavedova, Timofey Mozgov",6,32,20,43,28,720,936,11,8,3,216
"41400304","ATL","Dennis Schroder, Kent Bazemore, Mike Scott, Paul Millsap, Shelvin Mack",7,20,26,20,32,643,720,0,6,-6,77
"41400304","CLE","James Jones, JR Smith, LeBron James, Matthew Dellavedova, Timofey Mozgov",7,43,28,43,30,936,982,0,2,-2,46
"41400304","ATL","Al Horford, Jeff Teague, Kent Bazemore, Paul Millsap, Shelvin Mack",8,20,32,28,43,720,936,8,11,-3,216
"41400304","CLE","Iman Shumpert, James Jones, JR Smith, LeBron James, Timofey Mozgov",8,43,30,43,30,982,982,0,0,0,0
"41400304","ATL","Al Horford, DeMarre Carroll, Jeff Teague, Kent Bazemore, Paul Millsap",9,28,43,30,43,936,982,2,0,2,46
"41400304","CLE","Iman Shumpert, JR Smith, LeBron James, Timofey Mozgov, Tristan Thompson",9,43,30,55,35,982,1221,12,5,7,239
"41400304","ATL","DeMarre Carroll, Jeff Teague, Kent Bazemore, Mike Scott, Paul Millsap",10,30,43,33,49,982,1085,3,6,-3,103
"41400304","CLE","Iman Shumpert, JR Smith, Kyrie Irving, Timofey Mozgov, Tristan Thompson",10,55,35,57,37,1221,1300,2,2,0,79
"41400304","ATL","DeMarre Carroll, Jeff Teague, Kent Bazemore, Mike Scott, Shelvin Mack",11,33,49,33,49,1085,1085,0,0,0,0
"41400304","CLE","JR Smith, Kyrie Irving, Matthew Dellavedova, Timofey Mozgov, Tristan Thompson",11,57,37,59,40,1300,1347,2,3,-1,47
"41400304","ATL","Al Horford, DeMarre Carroll, Jeff Teague, Mike Scott, Shelvin Mack",12,33,49,35,53,1085,1160,2,4,-2,75
"41400304","CLE","JR Smith, Kyrie Irving, LeBron James, Matthew Dellavedova, Tristan Thompson",12,59,40,59,42,1347,1440,0,2,-2,93
"41400304","ATL","Al Horford, DeMarre Carroll, Jeff Teague, Paul Millsap, Shelvin Mack",13,35,53,35,55,1160,1221,0,2,-2,61
"41400304","CLE","Iman Shumpert, Kyrie Irving, LeBron James, Timofey Mozgov, Tristan Thompson",13,59,42,70,53,1440,1762,11,11,0,322
"41400304","ATL","Al Horford, DeMarre Carroll, Kent Bazemore, Paul Millsap, Shelvin Mack",14,35,55,37,57,1221,1300,2,2,0,79
"41400304","CLE","Iman Shumpert, JR Smith, Kyrie Irving, LeBron James, Tristan Thompson",14,70,53,70,53,1762,1762,0,0,0,0
"41400304","ATL","Al Horford, DeMarre Carroll, Jeff Teague, Kent Bazemore, Paul Millsap",15,37,57,55,71,1300,1844,18,14,4,544
"41400304","CLE","Iman Shumpert, JR Smith, LeBron James, Timofey Mozgov, Tristan Thompson",15,70,53,73,57,1762,1900,3,4,-1,138
"41400304","ATL","Al Horford, Jeff Teague, Kent Bazemore, Paul Millsap, Shelvin Mack",16,55,71,57,73,1844,1900,2,2,0,56
"41400304","CLE","Iman Shumpert, James Jones, JR Smith, LeBron James, Tristan Thompson",16,73,57,73,57,1900,1900,0,0,0,0
"41400304","ATL","Jeff Teague, Kent Bazemore, Mike Scott, Paul Millsap, Shelvin Mack",17,57,73,57,77,1900,1964,0,4,-4,64
"41400304","CLE","James Jones, JR Smith, Kyrie Irving, LeBron James, Tristan Thompson",17,73,57,83,60,1900,2104,10,3,7,204
"41400304","ATL","DeMarre Carroll, Jeff Teague, Mike Scott, Paul Millsap, Shelvin Mack",18,57,77,57,77,1964,1964,0,0,0,0
"41400304","CLE","Iman Shumpert, James Jones, JR Smith, Kyrie Irving, Tristan Thompson",18,83,60,83,60,2104,2104,0,0,0,0
"41400304","ATL","DeMarre Carroll, Dennis Schroder, Mike Scott, Paul Millsap, Shelvin Mack",19,57,77,60,83,1964,2104,3,6,-3,140
"41400304","CLE","Iman Shumpert, James Jones, JR Smith, Kyrie Irving, Timofey Mozgov",19,83,60,85,60,2104,2160,2,0,2,56
"41400304","ATL","Al Horford, DeMarre Carroll, Dennis Schroder, Mike Scott, Shelvin Mack",20,60,83,60,85,2104,2160,0,2,-2,56
"41400304","CLE","Iman Shumpert, James Jones, JR Smith, Matthew Dellavedova, Timofey Mozgov",20,85,60,103,74,2160,2520,18,14,4,360
"41400304","ATL","Dennis Schroder, John Jenkins, Kent Bazemore, Mike Muscala, Mike Scott",21,60,85,72,98,2160,2437,12,13,-1,277
"41400304","CLE","James Jones, Joe Harris, JR Smith, Matthew Dellavedova, Timofey Mozgov",21,103,74,103,77,2520,2554,0,3,-3,34
"41400304","ATL","Dennis Schroder, John Jenkins, Kent Bazemore, Mike Muscala, Shelvin Mack",22,72,98,72,101,2437,2458,0,3,-3,21
"41400304","CLE","James Jones, Joe Harris, JR Smith, Matthew Dellavedova, Mike Miller",22,103,77,103,77,2554,2554,0,0,0,0
"41400304","ATL","Dennis Schroder, John Jenkins, Mike Muscala, Mike Scott, Shelvin Mack",23,72,101,83,113,2458,2759,11,12,-1,301
"41400304","CLE","James Jones, Joe Harris, JR Smith, Kendrick Perkins, Mike Miller",23,103,77,103,77,2554,2554,0,0,0,0
"41400304","ATL","Dennis Schroder, John Jenkins, Kent Bazemore, Mike Muscala, Mike Scott",24,83,113,88,118,2759,2880,5,5,0,121
"41400304","CLE","James Jones, Joe Harris, Kendrick Perkins, Mike Miller, Shawn Marion",24,103,77,113,83,2554,2759,10,6,4,205
"41400304","CLE","Brendan Haywood, James Jones, Joe Harris, Kendrick Perkins, Mike Miller",25,113,83,118,88,2759,2880,5,5,0,121
"41400311","GSW","Andrew Bogut, Draymond Green, Harrison Barnes, Klay Thompson, Stephen Curry",0,0,0,14,12,0,370,14,12,2,370
"41400311","HOU","Dwight Howard, James Harden, Jason Terry, Josh Smith, Trevor Ariza",0,0,0,12,14,0,370,12,14,-2,370
"41400311","GSW","Andre Iguodala, Andrew Bogut, Draymond Green, Klay Thompson, Stephen Curry",1,14,12,14,12,370,370,0,0,0,0
"41400311","HOU","Dwight Howard, James Harden, Jason Terry, Terrence Jones, Trevor Ariza",1,12,14,12,14,370,370,0,0,0,0
"41400311","GSW","Andre Iguodala, David Lee, Draymond Green, Klay Thompson, Stephen Curry",2,14,12,16,23,370,552,2,11,-9,182
"41400311","HOU","James Harden, Jason Terry, Pablo Prigioni, Terrence Jones, Trevor Ariza",2,12,14,12,14,370,370,0,0,0,0
"41400311","GSW","Andre Iguodala, David Lee, Draymond Green, Shaun Livingston, Stephen Curry",3,16,23,22,27,552,634,6,4,2,82
"41400311","HOU","Clint Capela, James Harden, Pablo Prigioni, Terrence Jones, Trevor Ariza",3,12,14,19,14,370,456,7,0,7,86
"41400311","GSW","Andre Iguodala, Draymond Green, Festus Ezeli, Shaun Livingston, Stephen Curry",4,22,27,24,31,634,720,2,4,-2,86
"41400311","HOU","Clint Capela, Corey Brewer, James Harden, Pablo Prigioni, Terrence Jones",4,19,14,27,22,456,634,8,8,0,178
"41400311","GSW","Andre Iguodala, Festus Ezeli, Harrison Barnes, Leandro Barbosa, Shaun Livingston",5,24,31,33,40,720,907,9,9,0,187
"41400311","HOU","Clint Capela, Corey Brewer, Pablo Prigioni, Terrence Jones, Trevor Ariza",5,27,22,27,22,634,634,0,0,0,0
"41400311","GSW","Andre Iguodala, Andrew Bogut, Harrison Barnes, Leandro Barbosa, Shaun Livingston",6,33,40,33,42,907,958,0,2,-2,51
"41400311","HOU","Corey Brewer, Dwight Howard, Pablo Prigioni, Terrence Jones, Trevor Ariza",6,27,22,40,33,634,885,13,11,2,251
"41400311","GSW","Andre Iguodala, Andrew Bogut, Harrison Barnes, Klay Thompson, Shaun Livingston",7,33,42,33,42,958,962,0,0,0,4
"41400311","HOU","Corey Brewer, Dwight Howard, Jason Terry, Terrence Jones, Trevor Ariza",7,40,33,40,33,885,885,0,0,0,0
"41400311","GSW","Andre Iguodala, Festus Ezeli, Harrison Barnes, Klay Thompson, Shaun Livingston",8,33,42,33,47,962,991,0,5,-5,29
"41400311","HOU","Corey Brewer, Dwight Howard, Jason Terry, Josh Smith, Trevor Ariza",8,40,33,40,33,885,885,0,0,0,0
"41400311","GSW","Andre Iguodala, Draymond Green, Festus Ezeli, Klay Thompson, Shaun Livingston",9,33,47,33,47,991,991,0,0,0,0
"41400311","HOU","Dwight Howard, James Harden, Jason Terry, Josh Smith, Trevor Ariza",9,40,33,42,33,885,958,2,0,2,73
"41400311","GSW","Draymond Green, Festus Ezeli, Klay Thompson, Shaun Livingston, Stephen Curry",10,33,47,35,49,991,1051,2,2,0,60
"41400311","HOU","Corey Brewer, Dwight Howard, James Harden, Jason Terry, Josh Smith",10,42,33,51,47,958,1248,9,14,-5,290
"41400311","GSW","Draymond Green, Harrison Barnes, Klay Thompson, Shaun Livingston, Stephen Curry",11,35,49,53,55,1051,1360,18,6,12,309
"41400311","HOU","Clint Capela, Corey Brewer, James Harden, Jason Terry, Josh Smith",11,51,47,51,47,1248,1248,0,0,0,0
"41400311","GSW","Andre Iguodala, Draymond Green, Harrison Barnes, Shaun Livingston, Stephen Curry",12,53,55,58,55,1360,1440,5,0,5,80
"41400311","HOU","Clint Capela, Corey Brewer, James Harden, Jason Terry, Terrence Jones",12,51,47,51,47,1248,1256,0,0,0,8
"41400311","GSW","Andrew Bogut, Draymond Green, Harrison Barnes, Klay Thompson, Stephen Curry",13,58,55,67,64,1440,1768,9,9,0,328
"41400311","HOU","Clint Capela, James Harden, Jason Terry, Terrence Jones, Trevor Ariza",13,51,47,55,58,1256,1440,4,11,-7,184
"41400311","GSW","Andre Iguodala, Andrew Bogut, Draymond Green, Klay Thompson, Stephen Curry",14,67,64,71,69,1768,1846,4,5,-1,78
"41400311","HOU","Dwight Howard, James Harden, Jason Terry, Josh Smith, Trevor Ariza",14,55,58,67,69,1440,1822,12,11,1,382
"41400311","GSW","Andre Iguodala, Draymond Green, Festus Ezeli, Klay Thompson, Stephen Curry",15,71,69,71,71,1846,1889,0,2,-2,43
"41400311","HOU","Corey Brewer, Dwight Howard, James Harden, Jason Terry, Josh Smith",15,67,69,67,69,1822,1822,0,0,0,0
"41400311","GSW","Andre Iguodala, Draymond Green, Festus Ezeli, Shaun Livingston, Stephen Curry",16,71,71,77,74,1889,2061,6,3,3,172
"41400311","HOU","Corey Brewer, Dwight Howard, James Harden, Jason Terry, Terrence Jones",16,67,69,71,75,1822,1975,4,6,-2,153
"41400311","GSW","Andre Iguodala, Draymond Green, Festus Ezeli, Leandro Barbosa, Shaun Livingston",17,77,74,81,75,2061,2095,4,1,3,34
"41400311","HOU","Corey Brewer, Dwight Howard, Jason Terry, Terrence Jones, Trevor Ariza",17,71,75,71,75,1975,1975,0,0,0,0
"41400311","GSW","Andre Iguodala, Festus Ezeli, Harrison Barnes, Leandro Barbosa, Shaun Livingston",18,81,75,84,77,2095,2138,3,2,1,43
"41400311","HOU","Clint Capela, Corey Brewer, Jason Terry, Terrence Jones, Trevor Ariza",18,71,75,71,75,1975,1988,0,0,0,13
"41400311","GSW","Andre Iguodala, Draymond Green, Festus Ezeli, Leandro Barbosa, Shaun Livingston",19,84,77,84,79,2138,2160,0,2,-2,22
"41400311","HOU","Clint Capela, Corey Brewer, Pablo Prigioni, Terrence Jones, Trevor Ariza",19,71,75,74,81,1988,2094,3,6,-3,106
"41400311","GSW","Andre Iguodala, Andrew Bogut, Draymond Green, Leandro Barbosa, Shaun Livingston",20,84,79,86,83,2160,2305,2,4,-2,145
"41400311","HOU","Clint Capela, Corey Brewer, James Harden, Pablo Prigioni, Trevor Ariza",20,74,81,77,84,2094,2138,3,3,0,44
"41400311","GSW","Andre Iguodala, Draymond Green, Harrison Barnes, Leandro Barbosa, Shaun Livingston",21,86,83,86,83,2305,2305,0,0,0,0
"41400311","HOU","Corey Brewer, James Harden, Pablo Prigioni, Terrence Jones, Trevor Ariza",21,77,84,79,84,2138,2160,2,0,2,22
"41400311","GSW","Andre Iguodala, Draymond Green, Harrison Barnes, Klay Thompson, Leandro Barbosa",22,86,83,86,83,2305,2305,0,0,0,0
"41400311","HOU","Corey Brewer, Dwight Howard, James Harden, Pablo Prigioni, Terrence Jones",22,79,84,79,84,2160,2211,0,0,0,51
"41400311","GSW","Andre Iguodala, Draymond Green, Harrison Barnes, Klay Thompson, Stephen Curry",23,86,83,93,89,2305,2417,7,6,1,112
"41400311","HOU","Clint Capela, Corey Brewer, James Harden, Pablo Prigioni, Terrence Jones",23,79,84,87,90,2211,2371,8,6,2,160
"41400311","GSW","Draymond Green, Harrison Barnes, Klay Thompson, Shaun Livingston, Stephen Curry",24,93,89,108,103,2417,2833,15,14,1,416
"41400311","HOU","Corey Brewer, James Harden, Pablo Prigioni, Terrence Jones, Trevor Ariza",24,87,90,87,90,2371,2371,0,0,0,0
"41400311","GSW","Andre Iguodala, Draymond Green, Harrison Barnes, Klay Thompson, Stephen Curry",25,108,103,108,106,2833,2866,0,3,-3,33
"41400311","HOU","Corey Brewer, James Harden, Josh Smith, Terrence Jones, Trevor Ariza",25,87,90,97,106,2371,2716,10,16,-6,345
"41400311","GSW","Draymond Green, Harrison Barnes, Klay Thompson, Shaun Livingston, Stephen Curry",26,108,106,110,106,2866,2869,2,0,2,3
"41400311","HOU","Corey Brewer, James Harden, Jason Terry, Josh Smith, Trevor Ariza",26,97,106,106,110,2716,2880,9,4,5,164
"41400311","GSW","Andre Iguodala, Draymond Green, Harrison Barnes, Klay Thompson, Stephen Curry",27,110,106,110,106,2869,2880,0,0,0,11
"41400312","GSW","Andrew Bogut, Draymond Green, Harrison Barnes, Klay Thompson, Stephen Curry",0,0,0,13,10,0,366,13,10,3,366
"41400312","HOU","Dwight Howard, James Harden, Jason Terry, Josh Smith, Trevor Ariza",0,0,0,10,11,0,305,10,11,-1,305
"41400312","GSW","Andre Iguodala, Andrew Bogut, Draymond Green, Klay Thompson, Stephen Curry",1,13,10,18,14,366,426,5,4,1,60
"41400312","HOU","Clint Capela, James Harden, Jason Terry, Josh Smith, Trevor Ariza",1,10,11,10,13,305,366,0,2,-2,61
"41400312","GSW","Andre Iguodala, Andrew Bogut, Draymond Green, Leandro Barbosa, Stephen Curry",2,18,14,21,17,426,500,3,3,0,74
"41400312","HOU","Clint Capela, James Harden, Jason Terry, Terrence Jones, Trevor Ariza",2,10,13,14,18,366,426,4,5,-1,60
"41400312","GSW","Andre Iguodala, Draymond Green, Festus Ezeli, Leandro Barbosa, Stephen Curry",3,21,17,34,28,500,693,13,11,2,193
"41400312","HOU","Clint Capela, James Harden, Pablo Prigioni, Terrence Jones, Trevor Ariza",3,14,18,14,18,426,447,0,0,0,21
"41400312","GSW","Andre Iguodala, Draymond Green, Festus Ezeli, Leandro Barbosa, Shaun Livingston",4,34,28,36,28,693,720,2,0,2,27
"41400312","HOU","Clint Capela, Corey Brewer, James Harden, Pablo Prigioni, Terrence Jones",4,14,18,14,18,447,447,0,0,0,0
"41400312","GSW","Andre Iguodala, Festus Ezeli, Harrison Barnes, Leandro Barbosa, Shaun Livingston",5,36,28,36,28,720,763,0,0,0,43
"41400312","HOU","Corey Brewer, Dwight Howard, James Harden, Pablo Prigioni, Terrence Jones",5,14,18,28,34,447,693,14,16,-2,246
"41400312","GSW","Andre Iguodala, Andrew Bogut, Harrison Barnes, Leandro Barbosa, Shaun Livingston",6,36,28,49,32,763,986,13,4,9,223
"41400312","HOU","Corey Brewer, Dwight Howard, James Harden, Pablo Prigioni, Trevor Ariza",6,28,34,28,36,693,720,0,2,-2,27
"41400312","GSW","Andre Iguodala, Draymond Green, Harrison Barnes, Leandro Barbosa, Shaun Livingston",7,49,32,49,32,986,986,0,0,0,0
"41400312","HOU","Corey Brewer, Dwight Howard, Josh Smith, Pablo Prigioni, Trevor Ariza",7,28,36,28,42,720,863,0,6,-6,143
"41400312","GSW","Andre Iguodala, Draymond Green, Harrison Barnes, Klay Thompson, Shaun Livingston",8,49,32,49,37,986,1071,0,5,-5,85
"41400312","HOU","Clint Capela, Corey Brewer, Josh Smith, Pablo Prigioni, Trevor Ariza",8,28,42,28,42,863,863,0,0,0,0
"41400312","GSW","Draymond Green, Harrison Barnes, Klay Thompson, Shaun Livingston, Stephen Curry",9,49,37,51,43,1071,1211,2,6,-4,140
"41400312","HOU","Clint Capela, Corey Brewer, Jason Terry, Josh Smith, Trevor Ariza",9,28,42,32,49,863,986,4,7,-3,123
"41400312","GSW","Andrew Bogut, Draymond Green, Klay Thompson, Shaun Livingston, Stephen Curry",10,51,43,51,44,1211,1263,0,1,-1,52
"41400312","HOU","Clint Capela, Corey Brewer, Dwight Howard, Jason Terry, Trevor Ariza",10,32,49,32,49,986,986,0,0,0,0
"41400312","GSW","Andre Iguodala, Andrew Bogut, Draymond Green, Klay Thompson, Stephen Curry",11,51,44,55,55,1263,1440,4,11,-7,177
"41400312","HOU","Corey Brewer, Dwight Howard, James Harden, Jason Terry, Trevor Ariza",11,32,49,32,49,986,986,0,0,0,0
"41400312","GSW","Andrew Bogut, Draymond Green, Harrison Barnes, Klay Thompson, Stephen Curry",12,55,55,68,67,1440,1856,13,12,1,416
"41400312","HOU","Dwight Howard, James Harden, Jason Terry, Terrence Jones, Trevor Ariza",12,32,49,55,55,986,1440,23,6,17,454
"41400312","GSW","Andre Iguodala, Andrew Bogut, Draymond Green, Klay Thompson, Stephen Curry",13,68,67,68,67,1856,1856,0,0,0,0
"41400312","HOU","Dwight Howard, James Harden, Jason Terry, Josh Smith, Trevor Ariza",13,55,55,67,66,1440,1796,12,11,1,356
"41400312","GSW","Andre Iguodala, Draymond Green, Festus Ezeli, Klay Thompson, Stephen Curry",14,68,67,74,71,1856,1950,6,4,2,94
"41400312","HOU","Dwight Howard, James Harden, Jason Terry, Terrence Jones, Trevor Ariza",14,67,66,67,68,1796,1856,0,2,-2,60
"41400312","GSW","Andre Iguodala, Draymond Green, Festus Ezeli, Leandro Barbosa, Stephen Curry",15,74,71,77,75,1950,2154,3,4,-1,204
"41400312","HOU","Corey Brewer, Dwight Howard, James Harden, Jason Terry, Terrence Jones",15,67,68,71,74,1856,1950,4,6,-2,94
"41400312","GSW","Andre Iguodala, Draymond Green, Festus Ezeli, Leandro Barbosa, Shaun Livingston",16,77,75,77,75,2154,2154,0,0,0,0
"41400312","HOU","Clint Capela, Corey Brewer, James Harden, Jason Terry, Terrence Jones",16,71,74,71,75,1950,1983,0,1,-1,33
"41400312","GSW","Andre Iguodala, Draymond Green, Harrison Barnes, Leandro Barbosa, Shaun Livingston",17,77,75,77,75,2154,2160,0,0,0,6
"41400312","HOU","Clint Capela, Corey Brewer, James Harden, Nick Johnson, Terrence Jones",17,71,75,75,77,1983,2154,4,2,2,171
"41400312","GSW","Andre Iguodala, Festus Ezeli, Harrison Barnes, Leandro Barbosa, Shaun Livingston",18,77,75,81,77,2160,2271,4,2,2,111
"41400312","HOU","Corey Brewer, James Harden, Nick Johnson, Terrence Jones, Trevor Ariza",18,75,77,75,77,2154,2154,0,0,0,0
"41400312","GSW","Andre Iguodala, Festus Ezeli, Harrison Barnes, Klay Thompson, Shaun Livingston",19,81,77,81,77,2271,2296,0,0,0,25
"41400312","HOU","Corey Brewer, James Harden, Jason Terry, Terrence Jones, Trevor Ariza",19,75,77,75,77,2154,2160,0,0,0,6
"41400312","GSW","Andre Iguodala, Andrew Bogut, Harrison Barnes, Klay Thompson, Shaun Livingston",20,81,77,85,81,2296,2448,4,4,0,152
"41400312","HOU","Corey Brewer, Dwight Howard, Jason Terry, Terrence Jones, Trevor Ariza",20,75,77,77,83,2160,2315,2,6,-4,155
"41400312","GSW","Andre Iguodala, Andrew Bogut, Klay Thompson, Shaun Livingston, Stephen Curry",21,85,81,85,81,2448,2448,0,0,0,0
"41400312","HOU","Dwight Howard, James Harden, Jason Terry, Terrence Jones, Trevor Ariza",21,77,83,77,83,2315,2315,0,0,0,0
"41400312","GSW","Andre Iguodala, Andrew Bogut, Draymond Green, Klay Thompson, Stephen Curry",22,85,81,96,90,2448,2740,11,9,2,292
"41400312","HOU","Dwight Howard, James Harden, Jason Terry, Josh Smith, Trevor Ariza",22,77,83,85,89,2315,2596,8,6,2,281
"41400312","GSW","Andre Iguodala, Draymond Green, Harrison Barnes, Klay Thompson, Stephen Curry",23,96,90,96,90,2740,2760,0,0,0,20
"41400312","HOU","Dwight Howard, James Harden, Josh Smith, Terrence Jones, Trevor Ariza",23,85,89,85,89,2596,2596,0,0,0,0
"41400312","GSW","Andre Iguodala, Andrew Bogut, Draymond Green, Klay Thompson, Stephen Curry",24,96,90,98,90,2760,2781,2,0,2,21
"41400312","HOU","Corey Brewer, Dwight Howard, James Harden, Terrence Jones, Trevor Ariza",24,85,89,86,92,2596,2677,1,3,-2,81
"41400312","GSW","Andre Iguodala, Draymond Green, Harrison Barnes, Klay Thompson, Stephen Curry",25,98,90,99,96,2781,2840,1,6,-5,59
"41400312","HOU","Dwight Howard, James Harden, Jason Terry, Terrence Jones, Trevor Ariza",25,86,92,90,96,2677,2760,4,4,0,83
"41400312","GSW","Andre Iguodala, Andrew Bogut, Draymond Green, Klay Thompson, Stephen Curry",26,99,96,99,98,2840,2847,0,2,-2,7
"41400312","HOU","Corey Brewer, Dwight Howard, James Harden, Terrence Jones, Trevor Ariza",26,90,96,90,98,2760,2781,0,2,-2,21
"41400312","GSW","Andre Iguodala, Draymond Green, Harrison Barnes, Klay Thompson, Stephen Curry",27,99,98,99,98,2847,2880,0,0,0,33
"41400312","HOU","Dwight Howard, James Harden, Jason Terry, Terrence Jones, Trevor Ariza",27,90,98,92,98,2781,2788,2,0,2,7
"41400312","HOU","Corey Brewer, Dwight Howard, James Harden, Terrence Jones, Trevor Ariza",28,92,98,92,99,2788,2800,0,1,-1,12
"41400312","HOU","Dwight Howard, James Harden, Jason Terry, Terrence Jones, Trevor Ariza",29,92,99,96,99,2800,2831,4,0,4,31
"41400312","HOU","Corey Brewer, Dwight Howard, James Harden, Terrence Jones, Trevor Ariza",30,96,99,96,99,2831,2840,0,0,0,9
"41400312","HOU","Dwight Howard, James Harden, Jason Terry, Terrence Jones, Trevor Ariza",31,96,99,98,99,2840,2847,2,0,2,7
"41400312","HOU","Corey Brewer, Dwight Howard, James Harden, Terrence Jones, Trevor Ariza",32,98,99,98,99,2847,2880,0,0,0,33
"41400313","GSW","Andrew Bogut, Draymond Green, Harrison Barnes, Klay Thompson, Stephen Curry",0,0,0,20,14,0,450,20,14,6,450
"41400313","HOU","Dwight Howard, James Harden, Jason Terry, Josh Smith, Trevor Ariza",0,0,0,14,20,0,450,14,20,-6,450
"41400313","GSW","Andre Iguodala, Andrew Bogut, Draymond Green, Klay Thompson, Stephen Curry",1,20,14,20,14,450,450,0,0,0,0
"41400313","HOU","Dwight Howard, James Harden, Josh Smith, Pablo Prigioni, Trevor Ariza",1,14,20,14,20,450,450,0,0,0,0
"41400313","GSW","Andre Iguodala, Draymond Green, Festus Ezeli, Klay Thompson, Stephen Curry",2,20,14,22,14,450,510,2,0,2,60
"41400313","HOU","Dwight Howard, James Harden, Pablo Prigioni, Terrence Jones, Trevor Ariza",2,14,20,14,22,450,510,0,2,-2,60
"41400313","GSW","Andre Iguodala, Draymond Green, Festus Ezeli, Klay Thompson, Shaun Livingston",3,22,14,30,18,510,689,8,4,4,179
"41400313","HOU","Corey Brewer, Dwight Howard, James Harden, Pablo Prigioni, Terrence Jones",3,14,22,16,22,510,550,2,0,2,40
"41400313","GSW","Andre Iguodala, Draymond Green, Festus Ezeli, Harrison Barnes, Shaun Livingston",4,30,18,30,18,689,689,0,0,0,0
"41400313","HOU","Clint Capela, Corey Brewer, James Harden, Pablo Prigioni, Terrence Jones",4,16,22,18,30,550,720,2,8,-6,170
"41400313","GSW","Andre Iguodala, Festus Ezeli, Harrison Barnes, Leandro Barbosa, Shaun Livingston",5,30,18,32,22,689,836,2,4,-2,147
"41400313","HOU","Corey Brewer, Dwight Howard, Pablo Prigioni, Terrence Jones, Trevor Ariza",5,18,30,24,36,720,949,6,6,0,229
"41400313","GSW","Andre Iguodala, Andrew Bogut, Harrison Barnes, Leandro Barbosa, Shaun Livingston",6,32,22,32,22,836,836,0,0,0,0
"41400313","HOU","Corey Brewer, Dwight Howard, Josh Smith, Terrence Jones, Trevor Ariza",6,24,36,24,36,949,949,0,0,0,0
"41400313","GSW","Andre Iguodala, Andrew Bogut, Harrison Barnes, Shaun Livingston, Stephen Curry",7,32,22,36,24,836,968,4,2,2,132
"41400313","HOU","Corey Brewer, Dwight Howard, James Harden, Josh Smith, Trevor Ariza",7,24,36,24,36,949,949,0,0,0,0
"41400313","GSW","Andre Iguodala, Andrew Bogut, Draymond Green, Shaun Livingston, Stephen Curry",8,36,24,38,27,968,1058,2,3,-1,90
"41400313","HOU","Dwight Howard, James Harden, Jason Terry, Josh Smith, Trevor Ariza",8,24,36,35,59,949,1320,11,23,-12,371
"41400313","GSW","Andre Iguodala, Andrew Bogut, Draymond Green, Klay Thompson, Stephen Curry",9,38,27,38,29,1058,1065,0,2,-2,7
"41400313","HOU","Dwight Howard, James Harden, Jason Terry, Terrence Jones, Trevor Ariza",9,35,59,35,59,1320,1320,0,0,0,0
"41400313","GSW","Andrew Bogut, Draymond Green, Harrison Barnes, Klay Thompson, Stephen Curry",10,38,29,44,30,1065,1135,6,1,5,70
"41400313","HOU","Corey Brewer, James Harden, Jason Terry, Terrence Jones, Trevor Ariza",10,35,59,37,62,1320,1440,2,3,-1,120
"41400313","GSW","Draymond Green, Festus Ezeli, Harrison Barnes, Klay Thompson, Stephen Curry",11,44,30,57,35,1135,1291,13,5,8,156
"41400313","HOU","Dwight Howard, James Harden, Jason Terry, Josh Smith, Trevor Ariza",11,37,62,50,68,1440,1707,13,6,7,267
"41400313","GSW","Andre Iguodala, Draymond Green, Harrison Barnes, Klay Thompson, Stephen Curry",12,57,35,60,37,1291,1373,3,2,1,82
"41400313","HOU","Dwight Howard, James Harden, Jason Terry, Terrence Jones, Trevor Ariza",12,50,68,52,76,1707,1830,2,8,-6,123
"41400313","GSW","Andre Iguodala, David Lee, Harrison Barnes, Klay Thompson, Stephen Curry",13,60,37,62,37,1373,1440,2,0,2,67
"41400313","HOU","Corey Brewer, James Harden, Jason Terry, Terrence Jones, Trevor Ariza",13,52,76,58,85,1830,1935,6,9,-3,105
"41400313","GSW","Andrew Bogut, Draymond Green, Harrison Barnes, Klay Thompson, Stephen Curry",14,62,37,63,44,1440,1540,1,7,-6,100
"41400313","HOU","Corey Brewer, James Harden, Nick Johnson, Terrence Jones, Trevor Ariza",14,58,85,59,85,1935,1996,1,0,1,61
"41400313","GSW","Draymond Green, Festus Ezeli, Harrison Barnes, Klay Thompson, Stephen Curry",15,63,44,68,50,1540,1707,5,6,-1,167
"41400313","HOU","Corey Brewer, James Harden, Josh Smith, Nick Johnson, Trevor Ariza",15,59,85,61,92,1996,2160,2,7,-5,164
"41400313","GSW","Andre Iguodala, Draymond Green, Festus Ezeli, Klay Thompson, Stephen Curry",16,68,50,85,58,1707,1935,17,8,9,228
"41400313","HOU","Corey Brewer, Dwight Howard, Josh Smith, Nick Johnson, Trevor Ariza",16,61,92,75,105,2160,2596,14,13,1,436
"41400313","GSW","Andre Iguodala, Draymond Green, Harrison Barnes, Klay Thompson, Stephen Curry",17,85,58,85,59,1935,1952,0,1,-1,17
"41400313","HOU","Corey Brewer, Dwight Howard, Nick Johnson, Terrence Jones, Trevor Ariza",17,75,105,75,105,2596,2596,0,0,0,0
"41400313","GSW","Andre Iguodala, Draymond Green, Harrison Barnes, Shaun Livingston, Stephen Curry",18,85,59,92,61,1952,2160,7,2,5,208
"41400313","HOU","Clint Capela, Corey Brewer, Nick Johnson, Terrence Jones, Trevor Ariza",18,75,105,77,110,2596,2669,2,5,-3,73
"41400313","GSW","Andre Iguodala, Andrew Bogut, Harrison Barnes, Leandro Barbosa, Shaun Livingston",19,92,61,94,66,2160,2321,2,5,-3,161
"41400313","HOU","Clint Capela, Corey Brewer, Kostas Papanikolaou, Nick Johnson, Terrence Jones",19,77,110,80,115,2669,2880,3,5,-2,211
"41400313","GSW","Andrew Bogut, Harrison Barnes, Klay Thompson, Leandro Barbosa, Shaun Livingston",20,94,66,94,68,2321,2332,0,2,-2,11
"41400313","GSW","Andrew Bogut, Draymond Green, Klay Thompson, Leandro Barbosa, Shaun Livingston",21,94,68,94,68,2332,2332,0,0,0,0
"41400313","GSW","Andrew Bogut, Draymond Green, Klay Thompson, Shaun Livingston, Stephen Curry",22,94,68,100,73,2332,2538,6,5,1,206
"41400313","GSW","Andre Iguodala, Draymond Green, Klay Thompson, Shaun Livingston, Stephen Curry",23,100,73,100,73,2538,2538,0,0,0,0
"41400313","GSW","Andre Iguodala, Draymond Green, Festus Ezeli, Klay Thompson, Stephen Curry",24,100,73,105,75,2538,2596,5,2,3,58
"41400313","GSW","Andre Iguodala, Draymond Green, Festus Ezeli, Klay Thompson, Leandro Barbosa",25,105,75,110,77,2596,2669,5,2,3,73
"41400313","GSW","Andre Iguodala, David Lee, Festus Ezeli, Klay Thompson, Leandro Barbosa",26,110,77,110,77,2669,2669,0,0,0,0
"41400313","GSW","Andre Iguodala, David Lee, Festus Ezeli, James Michael McAdoo, Leandro Barbosa",27,110,77,110,77,2669,2669,0,0,0,0
"41400313","GSW","Brandon Rush, David Lee, Festus Ezeli, James Michael McAdoo, Leandro Barbosa",28,110,77,110,77,2669,2669,0,0,0,0
"41400313","GSW","Brandon Rush, David Lee, James Michael McAdoo, Justin Holiday, Leandro Barbosa",29,110,77,115,80,2669,2880,5,3,2,211
"41400314","GSW","Andrew Bogut, Draymond Green, Harrison Barnes, Klay Thompson, Stephen Curry",0,0,0,5,19,0,317,5,19,-14,317
"41400314","HOU","Dwight Howard, James Harden, Jason Terry, Josh Smith, Trevor Ariza",0,0,0,25,10,0,379,25,10,15,379
"41400314","GSW","Andre Iguodala, Andrew Bogut, Draymond Green, Klay Thompson, Stephen Curry",1,5,19,5,19,317,317,0,0,0,0
"41400314","HOU","Dwight Howard, James Harden, Josh Smith, Pablo Prigioni, Trevor Ariza",1,25,10,25,10,379,379,0,0,0,0
"41400314","GSW","Andre Iguodala, Andrew Bogut, Draymond Green, Leandro Barbosa, Stephen Curry",2,5,19,13,29,317,435,8,10,-2,118
"41400314","HOU","James Harden, Josh Smith, Pablo Prigioni, Terrence Jones, Trevor Ariza",2,25,10,29,16,379,458,4,6,-2,79
"41400314","GSW","Andre Iguodala, Draymond Green, Harrison Barnes, Leandro Barbosa, Stephen Curry",3,13,29,22,37,435,607,9,8,1,172
"41400314","HOU","Corey Brewer, James Harden, Josh Smith, Pablo Prigioni, Terrence Jones",3,29,16,37,22,458,607,8,6,2,149
"41400314","GSW","Andre Iguodala, Festus Ezeli, Harrison Barnes, Leandro Barbosa, Stephen Curry",4,22,37,22,43,607,699,0,6,-6,92
"41400314","HOU","Corey Brewer, Dwight Howard, James Harden, Pablo Prigioni, Terrence Jones",4,37,22,43,22,607,677,6,0,6,70
"41400314","GSW","Andre Iguodala, Festus Ezeli, Harrison Barnes, Leandro Barbosa, Shaun Livingston",5,22,43,22,45,699,720,0,2,-2,21
"41400314","HOU","Corey Brewer, Dwight Howard, Pablo Prigioni, Terrence Jones, Trevor Ariza",5,43,22,43,22,677,699,0,0,0,22
"41400314","GSW","Andre Iguodala, Andrew Bogut, Draymond Green, Klay Thompson, Shaun Livingston",6,22,45,32,53,720,975,10,8,2,255
"41400314","HOU","Corey Brewer, Dwight Howard, James Harden, Pablo Prigioni, Trevor Ariza",6,43,22,45,22,699,720,2,0,2,21
"41400314","GSW","Andre Iguodala, Draymond Green, Festus Ezeli, Klay Thompson, Shaun Livingston",7,32,53,32,55,975,1005,0,2,-2,30
"41400314","HOU","Corey Brewer, Dwight Howard, Pablo Prigioni, Terrence Jones, Trevor Ariza",7,45,22,48,29,720,890,3,7,-4,170
"41400314","GSW","Draymond Green, Festus Ezeli, Klay Thompson, Shaun Livingston, Stephen Curry",8,32,55,36,57,1005,1088,4,2,2,83
"41400314","HOU","Corey Brewer, Dwight Howard, Jason Terry, Terrence Jones, Trevor Ariza",8,48,29,48,29,890,890,0,0,0,0
"41400314","GSW","Draymond Green, Festus Ezeli, Klay Thompson, Leandro Barbosa, Shaun Livingston",9,36,57,54,66,1088,1317,18,9,9,229
"41400314","HOU","Corey Brewer, Dwight Howard, Jason Terry, Josh Smith, Trevor Ariza",9,48,29,55,32,890,1005,7,3,4,115
"41400314","GSW","Draymond Green, Harrison Barnes, Klay Thompson, Leandro Barbosa, Shaun Livingston",10,54,66,59,69,1317,1440,5,3,2,123
"41400314","HOU","Dwight Howard, James Harden, Jason Terry, Josh Smith, Trevor Ariza",10,55,32,65,51,1005,1275,10,19,-9,270
"41400314","GSW","Andrew Bogut, Draymond Green, Harrison Barnes, Klay Thompson, Shaun Livingston",11,59,69,64,75,1440,1673,5,6,-1,233
"41400314","HOU","Dwight Howard, James Harden, Jason Terry, Terrence Jones, Trevor Ariza",11,65,51,66,54,1275,1317,1,3,-2,42
"41400314","GSW","Andre Iguodala, Andrew Bogut, Draymond Green, Harrison Barnes, Klay Thompson",12,64,75,69,81,1673,1802,5,6,-1,129
"41400314","HOU","Corey Brewer, James Harden, Jason Terry, Terrence Jones, Trevor Ariza",12,66,54,69,59,1317,1440,3,5,-2,123
"41400314","GSW","Andre Iguodala, Andrew Bogut, Draymond Green, Festus Ezeli, Klay Thompson",13,69,81,69,81,1802,1802,0,0,0,0
"41400314","HOU","Dwight Howard, James Harden, Jason Terry, Josh Smith, Trevor Ariza",13,69,59,78,69,1440,1786,9,10,-1,346
"41400314","GSW","Andre Iguodala, Draymond Green, Festus Ezeli, Klay Thompson, Stephen Curry",14,69,81,71,90,1802,1959,2,9,-7,157
"41400314","HOU","Dwight Howard, James Harden, Jason Terry, Terrence Jones, Trevor Ariza",14,78,69,78,69,1786,1786,0,0,0,0
"41400314","GSW","Andre Iguodala, David Lee, Draymond Green, Klay Thompson, Stephen Curry",15,71,90,71,91,1959,1966,0,1,-1,7
"41400314","HOU","Dwight Howard, James Harden, Pablo Prigioni, Terrence Jones, Trevor Ariza",15,78,69,87,71,1786,1895,9,2,7,109
"41400314","GSW","Andre Iguodala, David Lee, Draymond Green, Leandro Barbosa, Stephen Curry",16,71,91,84,99,1966,2160,13,8,5,194
"41400314","HOU","Corey Brewer, Dwight Howard, James Harden, Pablo Prigioni, Terrence Jones",16,87,71,90,71,1895,1913,3,0,3,18
"41400314","GSW","Andrew Bogut, Harrison Barnes, Klay Thompson, Leandro Barbosa, Stephen Curry",17,84,99,95,104,2160,2346,11,5,6,186
"41400314","HOU","Clint Capela, Corey Brewer, James Harden, Pablo Prigioni, Terrence Jones",17,90,71,97,81,1913,2128,7,10,-3,215
"41400314","GSW","Draymond Green, Harrison Barnes, Klay Thompson, Leandro Barbosa, Stephen Curry",18,95,104,98,106,2346,2429,3,2,1,83
"41400314","HOU","Clint Capela, Corey Brewer, James Harden, Terrence Jones, Trevor Ariza",18,97,81,99,84,2128,2160,2,3,-1,32
"41400314","GSW","Andre Iguodala, Draymond Green, Harrison Barnes, Klay Thompson, Stephen Curry",19,98,106,101,116,2429,2631,3,10,-7,202
"41400314","HOU","Corey Brewer, Dwight Howard, Pablo Prigioni, Terrence Jones, Trevor Ariza",19,99,84,102,95,2160,2313,3,11,-8,153
"41400314","GSW","Draymond Green, Harrison Barnes, Klay Thompson, Leandro Barbosa, Stephen Curry",20,101,116,106,118,2631,2691,5,2,3,60
"41400314","HOU","Corey Brewer, Dwight Howard, Josh Smith, Terrence Jones, Trevor Ariza",20,102,95,102,95,2313,2313,0,0,0,0
"41400314","GSW","Andre Iguodala, Harrison Barnes, Klay Thompson, Leandro Barbosa, Stephen Curry",21,106,118,115,128,2691,2880,9,10,-1,189
"41400314","HOU","Corey Brewer, Dwight Howard, James Harden, Josh Smith, Trevor Ariza",21,102,95,102,95,2313,2313,0,0,0,0
"41400314","HOU","Dwight Howard, James Harden, Jason Terry, Josh Smith, Trevor Ariza",22,102,95,116,103,2313,2649,14,8,6,336
"41400314","HOU","Dwight Howard, James Harden, Jason Terry, Terrence Jones, Trevor Ariza",23,116,103,116,103,2649,2649,0,0,0,0
"41400314","HOU","Corey Brewer, James Harden, Jason Terry, Terrence Jones, Trevor Ariza",24,116,103,128,115,2649,2880,12,12,0,231
"41400315","GSW","Andrew Bogut, Draymond Green, Harrison Barnes, Klay Thompson, Stephen Curry",0,0,0,8,9,0,361,8,9,-1,361
"41400315","HOU","Dwight Howard, James Harden, Jason Terry, Josh Smith, Trevor Ariza",0,0,0,11,10,0,410,11,10,1,410
"41400315","GSW","Draymond Green, Festus Ezeli, Harrison Barnes, Klay Thompson, Stephen Curry",1,8,9,10,11,361,410,2,2,0,49
"41400315","HOU","Dwight Howard, James Harden, Jason Terry, Terrence Jones, Trevor Ariza",1,11,10,13,12,410,442,2,2,0,32
"41400315","GSW","Andre Iguodala, Draymond Green, Festus Ezeli, Klay Thompson, Stephen Curry",2,10,11,12,13,410,442,2,2,0,32
"41400315","HOU","Dwight Howard, James Harden, Pablo Prigioni, Terrence Jones, Trevor Ariza",2,13,12,16,12,442,483,3,0,3,41
"41400315","GSW","Andre Iguodala, Draymond Green, Festus Ezeli, Shaun Livingston, Stephen Curry",3,12,13,17,22,442,720,5,9,-4,278
"41400315","HOU","Corey Brewer, Dwight Howard, James Harden, Pablo Prigioni, Terrence Jones",3,16,12,20,12,483,563,4,0,4,80
"41400315","GSW","Andre Iguodala, Festus Ezeli, Harrison Barnes, Klay Thompson, Shaun Livingston",4,17,22,30,24,720,959,13,2,11,239
"41400315","HOU","Clint Capela, Corey Brewer, James Harden, Pablo Prigioni, Terrence Jones",4,20,12,22,17,563,716,2,5,-3,153
"41400315","GSW","Andre Iguodala, Festus Ezeli, Harrison Barnes, Klay Thompson, Stephen Curry",5,30,24,32,29,959,1011,2,5,-3,52
"41400315","HOU","Clint Capela, Corey Brewer, James Harden, Terrence Jones, Trevor Ariza",5,22,17,22,17,716,720,0,0,0,4
"41400315","GSW","Andre Iguodala, Andrew Bogut, Harrison Barnes, Klay Thompson, Stephen Curry",6,32,29,38,36,1011,1125,6,7,-1,114
"41400315","HOU","Corey Brewer, Dwight Howard, Pablo Prigioni, Terrence Jones, Trevor Ariza",6,22,17,22,25,720,871,0,8,-8,151
"41400315","GSW","Andrew Bogut, Draymond Green, Harrison Barnes, Klay Thompson, Stephen Curry",7,38,36,44,36,1125,1270,6,0,6,145
"41400315","HOU","Corey Brewer, Dwight Howard, James Harden, Pablo Prigioni, Trevor Ariza",7,22,25,22,25,871,871,0,0,0,0
"41400315","GSW","Draymond Green, Festus Ezeli, Harrison Barnes, Klay Thompson, Stephen Curry",8,44,36,44,40,1270,1313,0,4,-4,43
"41400315","HOU","Corey Brewer, Dwight Howard, James Harden, Jason Terry, Trevor Ariza",8,22,25,22,25,871,871,0,0,0,0
"41400315","GSW","Draymond Green, Festus Ezeli, Harrison Barnes, Leandro Barbosa, Stephen Curry",9,44,40,50,44,1313,1402,6,4,2,89
"41400315","HOU","Dwight Howard, James Harden, Jason Terry, Josh Smith, Trevor Ariza",9,22,25,36,44,871,1270,14,19,-5,399
"41400315","GSW","Draymond Green, Festus Ezeli, Leandro Barbosa, Shaun Livingston, Stephen Curry",10,50,44,50,46,1402,1408,0,2,-2,6
"41400315","HOU","Corey Brewer, Dwight Howard, James Harden, Jason Terry, Trevor Ariza",10,36,44,44,50,1270,1402,8,6,2,132
"41400315","GSW","David Lee, Draymond Green, Leandro Barbosa, Shaun Livingston, Stephen Curry",11,50,46,52,46,1408,1427,2,0,2,19
"41400315","HOU","Corey Brewer, James Harden, Jason Terry, Terrence Jones, Trevor Ariza",11,44,50,46,52,1402,1440,2,2,0,38
"41400315","GSW","Draymond Green, Festus Ezeli, Leandro Barbosa, Shaun Livingston, Stephen Curry",12,52,46,52,46,1427,1440,0,0,0,13
"41400315","HOU","Dwight Howard, James Harden, Jason Terry, Josh Smith, Trevor Ariza",12,46,52,58,64,1440,1871,12,12,0,431
"41400315","GSW","Andrew Bogut, Draymond Green, Harrison Barnes, Klay Thompson, Stephen Curry",13,52,46,57,52,1440,1600,5,6,-1,160
"41400315","HOU","Dwight Howard, James Harden, Jason Terry, Terrence Jones, Trevor Ariza",13,58,64,63,67,1871,1974,5,3,2,103
"41400315","GSW","Andrew Bogut, Draymond Green, Harrison Barnes, Leandro Barbosa, Stephen Curry",14,57,52,57,56,1600,1699,0,4,-4,99
"41400315","HOU","Corey Brewer, Dwight Howard, James Harden, Jason Terry, Terrence Jones",14,63,67,63,67,1974,1974,0,0,0,0
"41400315","GSW","Andre Iguodala, Andrew Bogut, Draymond Green, Leandro Barbosa, Stephen Curry",15,57,56,67,63,1699,1974,10,7,3,275
"41400315","HOU","Clint Capela, Corey Brewer, James Harden, Jason Terry, Terrence Jones",15,63,67,65,69,1974,2008,2,2,0,34
"41400315","GSW","Andre Iguodala, Draymond Green, Festus Ezeli, Leandro Barbosa, Stephen Curry",16,67,63,74,68,1974,2160,7,5,2,186
"41400315","HOU","Corey Brewer, James Harden, Jason Terry, Terrence Jones, Trevor Ariza",16,65,69,66,74,2008,2131,1,5,-4,123
"41400315","GSW","Andre Iguodala, Festus Ezeli, Harrison Barnes, Shaun Livingston, Stephen Curry",17,74,68,74,68,2160,2176,0,0,0,16
"41400315","HOU","Corey Brewer, Dwight Howard, James Harden, Jason Terry, Trevor Ariza",17,66,74,68,74,2131,2160,2,0,2,29
"41400315","GSW","Andre Iguodala, Festus Ezeli, Harrison Barnes, Klay Thompson, Shaun Livingston",18,74,68,78,70,2176,2309,4,2,2,133
"41400315","HOU","Corey Brewer, Dwight Howard, Jason Terry, Terrence Jones, Trevor Ariza",18,68,74,70,78,2160,2294,2,4,-2,134
"41400315","GSW","Andre Iguodala, Festus Ezeli, Harrison Barnes, Shaun Livingston, Stephen Curry",19,78,70,89,80,2309,2591,11,10,1,282
"41400315","HOU","Corey Brewer, Dwight Howard, James Harden, Terrence Jones, Trevor Ariza",19,70,78,72,85,2294,2396,2,7,-5,102
"41400315","GSW","Andre Iguodala, Draymond Green, Festus Ezeli, Harrison Barnes, Stephen Curry",20,89,80,97,88,2591,2795,8,8,0,204
"41400315","HOU","Corey Brewer, Dwight Howard, James Harden, Jason Terry, Trevor Ariza",20,72,85,90,104,2396,2880,18,19,-1,484
"41400315","GSW","Draymond Green, Festus Ezeli, Harrison Barnes, Shaun Livingston, Stephen Curry",21,97,88,104,90,2795,2880,7,2,5,85
"41400401","CLE","Iman Shumpert, Kyrie Irving, LeBron James, Timofey Mozgov, Tristan Thompson",0,0,0,11,11,0,384,11,11,0,384
"41400401","GSW","Andrew Bogut, Draymond Green, Harrison Barnes, Klay Thompson, Stephen Curry",0,0,0,11,11,0,384,11,11,0,384
"41400401","CLE","JR Smith, Kyrie Irving, LeBron James, Timofey Mozgov, Tristan Thompson",1,11,11,20,13,384,547,9,2,7,163
"41400401","GSW","Andre Iguodala, Andrew Bogut, Draymond Green, Klay Thompson, Stephen Curry",1,11,11,11,16,384,465,0,5,-5,81
"41400401","CLE","James Jones, JR Smith, Kyrie Irving, LeBron James, Tristan Thompson",2,20,13,23,13,547,612,3,0,3,65
"41400401","GSW","Andre Iguodala, Andrew Bogut, Draymond Green, Shaun Livingston, Stephen Curry",2,11,16,11,17,465,491,0,1,-1,26
"41400401","CLE","James Jones, JR Smith, LeBron James, Matthew Dellavedova, Tristan Thompson",3,23,13,29,19,612,720,6,6,0,108
"41400401","GSW","Andre Iguodala, Draymond Green, Festus Ezeli, Shaun Livingston, Stephen Curry",3,11,17,13,23,491,612,2,6,-4,121
"41400401","CLE","Iman Shumpert, James Jones, JR Smith, Kyrie Irving, Timofey Mozgov",4,29,19,31,23,720,903,2,4,-2,183
"41400401","GSW","Andre Iguodala, Draymond Green, Festus Ezeli, Leandro Barbosa, Shaun Livingston",4,13,23,15,26,612,646,2,3,-1,34
"41400401","CLE","Iman Shumpert, James Jones, JR Smith, Kyrie Irving, Tristan Thompson",5,31,23,31,25,903,974,0,2,-2,71
"41400401","GSW","Andre Iguodala, Festus Ezeli, Harrison Barnes, Leandro Barbosa, Shaun Livingston",5,15,26,23,31,646,903,8,5,3,257
"41400401","CLE","Iman Shumpert, JR Smith, Kyrie Irving, LeBron James, Tristan Thompson",6,31,25,34,27,974,1054,3,2,1,80
"41400401","GSW","Andre Iguodala, Harrison Barnes, Leandro Barbosa, Marreese Speights, Shaun Livingston",6,23,31,25,31,903,974,2,0,2,71
"41400401","CLE","Iman Shumpert, JR Smith, LeBron James, Matthew Dellavedova, Tristan Thompson",7,34,27,36,36,1054,1206,2,9,-7,152
"41400401","GSW","Andre Iguodala, Harrison Barnes, Klay Thompson, Marreese Speights, Shaun Livingston",7,25,31,25,31,974,974,0,0,0,0
"41400401","CLE","Iman Shumpert, JR Smith, Kyrie Irving, LeBron James, Tristan Thompson",8,36,36,36,36,1206,1206,0,0,0,0
"41400401","GSW","Andre Iguodala, Harrison Barnes, Klay Thompson, Marreese Speights, Stephen Curry",8,25,31,27,32,974,995,2,1,1,21
"41400401","CLE","Iman Shumpert, Kyrie Irving, LeBron James, Timofey Mozgov, Tristan Thompson",9,36,36,48,46,1206,1422,12,10,2,216
"41400401","GSW","Draymond Green, Harrison Barnes, Klay Thompson, Marreese Speights, Stephen Curry",9,27,32,33,36,995,1156,6,4,2,161
"41400401","CLE","Iman Shumpert, LeBron James, Matthew Dellavedova, Timofey Mozgov, Tristan Thompson",10,48,46,48,48,1422,1437,0,2,-2,15
"41400401","GSW","Andrew Bogut, Draymond Green, Harrison Barnes, Klay Thompson, Stephen Curry",10,33,36,64,69,1156,1892,31,33,-2,736
"41400401","CLE","Iman Shumpert, JR Smith, LeBron James, Timofey Mozgov, Tristan Thompson",11,48,48,48,48,1437,1437,0,0,0,0
"41400401","GSW","Andre Iguodala, Andrew Bogut, Draymond Green, Klay Thompson, Stephen Curry",11,64,69,66,69,1892,1944,2,0,2,52
"41400401","CLE","Iman Shumpert, JR Smith, Kyrie Irving, LeBron James, Tristan Thompson",12,48,48,51,48,1437,1440,3,0,3,3
"41400401","GSW","Andre Iguodala, Draymond Green, Festus Ezeli, Klay Thompson, Stephen Curry",12,66,69,66,69,1944,1995,0,0,0,51
"41400401","CLE","Iman Shumpert, Kyrie Irving, LeBron James, Timofey Mozgov, Tristan Thompson",13,51,48,69,64,1440,1892,18,16,2,452
"41400401","GSW","Andre Iguodala, Draymond Green, Festus Ezeli, Shaun Livingston, Stephen Curry",13,66,69,66,69,1995,1995,0,0,0,0
"41400401","CLE","Iman Shumpert, James Jones, Kyrie Irving, LeBron James, Tristan Thompson",14,69,64,69,66,1892,1944,0,2,-2,52
"41400401","GSW","Andre Iguodala, Festus Ezeli, Harrison Barnes, Shaun Livingston, Stephen Curry",14,66,69,73,73,1995,2160,7,4,3,165
"41400401","CLE","James Jones, JR Smith, Kyrie Irving, LeBron James, Tristan Thompson",15,69,66,69,66,1944,1995,0,0,0,51
"41400401","GSW","Andre Iguodala, Harrison Barnes, Leandro Barbosa, Marreese Speights, Shaun Livingston",15,73,73,78,77,2160,2340,5,4,1,180
"41400401","CLE","James Jones, JR Smith, LeBron James, Matthew Dellavedova, Tristan Thompson",16,69,66,73,73,1995,2160,4,7,-3,165
"41400401","GSW","Andre Iguodala, Harrison Barnes, Klay Thompson, Marreese Speights, Shaun Livingston",16,78,77,80,80,2340,2419,2,3,-1,79
"41400401","CLE","Iman Shumpert, James Jones, JR Smith, Kyrie Irving, Tristan Thompson",17,73,73,77,78,2160,2340,4,5,-1,180
"41400401","GSW","Andre Iguodala, Harrison Barnes, Klay Thompson, Marreese Speights, Stephen Curry",17,80,80,80,80,2419,2419,0,0,0,0
"41400401","CLE","Iman Shumpert, JR Smith, Kyrie Irving, LeBron James, Tristan Thompson",18,77,78,80,80,2340,2419,3,2,1,79
"41400401","GSW","Andre Iguodala, Andrew Bogut, Harrison Barnes, Klay Thompson, Stephen Curry",18,80,80,82,86,2419,2491,2,6,-4,72
"41400401","CLE","Iman Shumpert, JR Smith, Kyrie Irving, LeBron James, Timofey Mozgov",19,80,80,86,82,2419,2491,6,2,4,72
"41400401","GSW","Andre Iguodala, Andrew Bogut, Draymond Green, Klay Thompson, Stephen Curry",19,82,86,98,98,2491,2849,16,12,4,358
"41400401","CLE","JR Smith, Kyrie Irving, LeBron James, Timofey Mozgov, Tristan Thompson",20,86,82,91,90,2491,2611,5,8,-3,120
"41400401","GSW","Andre Iguodala, Draymond Green, Harrison Barnes, Klay Thompson, Stephen Curry",20,98,98,98,98,2849,2880,0,0,0,31
"41400401","CLE","Iman Shumpert, JR Smith, Kyrie Irving, LeBron James, Timofey Mozgov",21,91,90,93,96,2611,2707,2,6,-4,96
"41400401","GSW","Andre Iguodala, Draymond Green, Festus Ezeli, Klay Thompson, Stephen Curry",21,98,98,100,98,2880,2983,2,0,2,103
"41400401","CLE","JR Smith, Kyrie Irving, LeBron James, Timofey Mozgov, Tristan Thompson",22,93,96,98,98,2707,2849,5,2,3,142
"41400401","GSW","Andre Iguodala, Draymond Green, Harrison Barnes, Klay Thompson, Stephen Curry",22,100,98,108,100,2983,3180,8,2,6,197
"41400401","CLE","Iman Shumpert, JR Smith, LeBron James, Timofey Mozgov, Tristan Thompson",23,98,98,98,98,2849,2849,0,0,0,0
"41400401","CLE","Iman Shumpert, JR Smith, Kyrie Irving, LeBron James, Tristan Thompson",24,98,98,98,98,2849,2880,0,0,0,31
"41400401","CLE","JR Smith, Kyrie Irving, LeBron James, Timofey Mozgov, Tristan Thompson",25,98,98,98,102,2880,3030,0,4,-4,150
"41400401","CLE","James Jones, JR Smith, Kyrie Irving, LeBron James, Tristan Thompson",26,98,102,98,105,3030,3058,0,3,-3,28
"41400401","CLE","James Jones, JR Smith, LeBron James, Matthew Dellavedova, Tristan Thompson",27,98,105,100,108,3058,3180,2,3,-1,122
"41400402","CLE","Iman Shumpert, LeBron James, Matthew Dellavedova, Timofey Mozgov, Tristan Thompson",0,0,0,10,11,0,291,10,11,-1,291
"41400402","GSW","Andrew Bogut, Draymond Green, Harrison Barnes, Klay Thompson, Stephen Curry",0,0,0,11,10,0,291,11,10,1,291
"41400402","CLE","Iman Shumpert, JR Smith, LeBron James, Timofey Mozgov, Tristan Thompson",1,10,11,12,20,291,528,2,9,-7,237
"41400402","GSW","Andrew Bogut, Draymond Green, Harrison Barnes, Leandro Barbosa, Stephen Curry",1,11,10,15,12,291,381,4,2,2,90
"41400402","CLE","JR Smith, LeBron James, Matthew Dellavedova, Timofey Mozgov, Tristan Thompson",2,12,20,12,20,528,528,0,0,0,0
"41400402","GSW","Andre Iguodala, Andrew Bogut, Draymond Green, Leandro Barbosa, Stephen Curry",2,15,12,20,12,381,528,5,0,5,147
"41400402","CLE","James Jones, JR Smith, LeBron James, Matthew Dellavedova, Timofey Mozgov",3,12,20,20,20,528,668,8,0,8,140
"41400402","GSW","Andre Iguodala, Draymond Green, Festus Ezeli, Leandro Barbosa, Stephen Curry",3,20,12,20,18,528,630,0,6,-6,102
"41400402","CLE","Iman Shumpert, James Jones, JR Smith, Matthew Dellavedova, Timofey Mozgov",4,20,20,20,20,668,720,0,0,0,52
"41400402","GSW","Andre Iguodala, Festus Ezeli, Harrison Barnes, Leandro Barbosa, Stephen Curry",4,20,18,20,18,630,630,0,0,0,0
"41400402","CLE","James Jones, JR Smith, LeBron James, Matthew Dellavedova, Tristan Thompson",5,20,20,25,31,720,1010,5,11,-6,290
"41400402","GSW","Andre Iguodala, Festus Ezeli, Harrison Barnes, Shaun Livingston, Stephen Curry",5,20,18,20,20,630,668,0,2,-2,38
"41400402","CLE","Iman Shumpert, James Jones, JR Smith, LeBron James, Matthew Dellavedova",6,25,31,25,31,1010,1010,0,0,0,0
"41400402","GSW","Andre Iguodala, Harrison Barnes, Marreese Speights, Shaun Livingston, Stephen Curry",6,20,20,20,20,668,708,0,0,0,40
"41400402","CLE","Iman Shumpert, James Jones, LeBron James, Matthew Dellavedova, Timofey Mozgov",7,25,31,42,35,1010,1269,17,4,13,259
"41400402","GSW","Andre Iguodala, Harrison Barnes, Leandro Barbosa, Marreese Speights, Shaun Livingston",7,20,20,20,20,708,720,0,0,0,12
"41400402","CLE","Iman Shumpert, James Jones, JR Smith, LeBron James, Timofey Mozgov",8,42,35,42,36,1269,1273,0,1,-1,4
"41400402","GSW","Andre Iguodala, Harrison Barnes, Klay Thompson, Marreese Speights, Shaun Livingston",8,20,20,23,22,720,838,3,2,1,118
"41400402","CLE","Iman Shumpert, JR Smith, LeBron James, Timofey Mozgov, Tristan Thompson",9,42,36,47,45,1273,1440,5,9,-4,167
"41400402","GSW","Andre Iguodala, Andrew Bogut, Harrison Barnes, Klay Thompson, Shaun Livingston",9,23,22,31,25,838,1010,8,3,5,172
"41400402","CLE","Iman Shumpert, LeBron James, Matthew Dellavedova, Timofey Mozgov, Tristan Thompson",10,47,45,51,49,1440,1748,4,4,0,308
"41400402","GSW","Andre Iguodala, Andrew Bogut, Draymond Green, Klay Thompson, Shaun Livingston",10,31,25,31,30,1010,1056,0,5,-5,46
"41400402","CLE","Iman Shumpert, James Jones, Matthew Dellavedova, Timofey Mozgov, Tristan Thompson",11,51,49,51,49,1748,1748,0,0,0,0
"41400402","GSW","Andrew Bogut, Draymond Green, Harrison Barnes, Klay Thompson, Shaun Livingston",11,31,30,31,30,1056,1056,0,0,0,0
"41400402","CLE","Iman Shumpert, James Jones, JR Smith, Matthew Dellavedova, Timofey Mozgov",12,51,49,55,49,1748,1806,4,0,4,58
"41400402","GSW","Andrew Bogut, Draymond Green, Harrison Barnes, Klay Thompson, Stephen Curry",12,31,30,33,39,1056,1186,2,9,-7,130
"41400402","CLE","Iman Shumpert, JR Smith, LeBron James, Matthew Dellavedova, Timofey Mozgov",13,55,49,57,51,1806,1885,2,2,0,79
"41400402","GSW","Andre Iguodala, Draymond Green, Harrison Barnes, Klay Thompson, Stephen Curry",13,33,39,43,46,1186,1359,10,7,3,173
"41400402","CLE","Iman Shumpert, JR Smith, LeBron James, Mike Miller, Timofey Mozgov",14,57,51,62,57,1885,2050,5,6,-1,165
"41400402","GSW","Andrew Bogut, Draymond Green, Harrison Barnes, Klay Thompson, Stephen Curry",14,43,46,45,47,1359,1433,2,1,1,74
"41400402","CLE","Iman Shumpert, JR Smith, LeBron James, Mike Miller, Tristan Thompson",15,62,57,62,57,2050,2110,0,0,0,60
"41400402","GSW","Draymond Green, Harrison Barnes, Klay Thompson, Marreese Speights, Stephen Curry",15,45,47,45,47,1433,1440,0,0,0,7
"41400402","CLE","Iman Shumpert, JR Smith, Matthew Dellavedova, Mike Miller, Tristan Thompson",16,62,57,62,59,2110,2160,0,2,-2,50
"41400402","GSW","Andrew Bogut, Draymond Green, Harrison Barnes, Klay Thompson, Stephen Curry",16,45,47,49,51,1440,1748,4,4,0,308
"41400402","CLE","JR Smith, LeBron James, Matthew Dellavedova, Mike Miller, Tristan Thompson",17,62,59,66,62,2160,2262,4,3,1,102
"41400402","GSW","Andre Iguodala, Andrew Bogut, Draymond Green, Klay Thompson, Stephen Curry",17,49,51,49,55,1748,1806,0,4,-4,58
"41400402","CLE","James Jones, JR Smith, LeBron James, Matthew Dellavedova, Tristan Thompson",18,66,62,85,80,2262,2725,19,18,1,463
"41400402","GSW","Andre Iguodala, Draymond Green, Festus Ezeli, Klay Thompson, Stephen Curry",18,49,55,56,59,1806,1967,7,4,3,161
"41400402","CLE","Iman Shumpert, James Jones, JR Smith, LeBron James, Matthew Dellavedova",19,85,80,87,82,2725,2779,2,2,0,54
"41400402","GSW","Andre Iguodala, Draymond Green, Festus Ezeli, Klay Thompson, Shaun Livingston",19,56,59,56,62,1967,2026,0,3,-3,59
"41400402","CLE","Iman Shumpert, JR Smith, LeBron James, Matthew Dellavedova, Tristan Thompson",20,87,82,92,93,2779,3151,5,11,-6,372
"41400402","GSW","Andre Iguodala, Draymond Green, Klay Thompson, Marreese Speights, Shaun Livingston",20,56,62,59,62,2026,2160,3,0,3,134
"41400402","CLE","Iman Shumpert, LeBron James, Matthew Dellavedova, Timofey Mozgov, Tristan Thompson",21,92,93,92,93,3151,3151,0,0,0,0
"41400402","GSW","Andre Iguodala, Andrew Bogut, Harrison Barnes, Klay Thompson, Shaun Livingston",21,59,62,62,66,2160,2262,3,4,-1,102
"41400402","CLE","Iman Shumpert, James Jones, LeBron James, Matthew Dellavedova, Tristan Thompson",22,92,93,95,93,3151,3180,3,0,3,29
"41400402","GSW","Andrew Bogut, Harrison Barnes, Klay Thompson, Shaun Livingston, Stephen Curry",22,62,66,64,69,2262,2356,2,3,-1,94
"41400402","GSW","Andre Iguodala, Andrew Bogut, Harrison Barnes, Klay Thompson, Stephen Curry",23,64,69,64,69,2356,2356,0,0,0,0
"41400402","GSW","Andre Iguodala, Draymond Green, Harrison Barnes, Klay Thompson, Stephen Curry",24,64,69,93,95,2356,3180,29,26,3,824
"41400403","CLE","Iman Shumpert, LeBron James, Matthew Dellavedova, Timofey Mozgov, Tristan Thompson",0,0,0,12,8,0,356,12,8,4,356
"41400403","GSW","Andrew Bogut, Draymond Green, Harrison Barnes, Klay Thompson, Stephen Curry",0,0,0,5,12,0,311,5,12,-7,311
"41400403","CLE","Iman Shumpert, JR Smith, LeBron James, Timofey Mozgov, Tristan Thompson",1,12,8,16,12,356,427,4,4,0,71
"41400403","GSW","Andre Iguodala, Andrew Bogut, Draymond Green, Klay Thompson, Stephen Curry",1,5,12,8,12,311,356,3,0,3,45
"41400403","CLE","JR Smith, LeBron James, Matthew Dellavedova, Timofey Mozgov, Tristan Thompson",2,16,12,18,14,427,478,2,2,0,51
"41400403","GSW","Andre Iguodala, Draymond Green, Festus Ezeli, Klay Thompson, Stephen Curry",2,8,12,14,18,356,478,6,6,0,122
"41400403","CLE","James Jones, JR Smith, LeBron James, Matthew Dellavedova, Tristan Thompson",3,18,14,22,18,478,663,4,4,0,185
"41400403","GSW","Andre Iguodala, Draymond Green, Festus Ezeli, Shaun Livingston, Stephen Curry",3,14,18,16,22,478,527,2,4,-2,49
"41400403","CLE","James Jones, JR Smith, Matthew Dellavedova, Mike Miller, Tristan Thompson",4,22,18,24,20,663,720,2,2,0,57
"41400403","GSW","Andre Iguodala, Festus Ezeli, Harrison Barnes, Shaun Livingston, Stephen Curry",4,16,22,20,24,527,720,4,2,2,193
"41400403","CLE","James Jones, JR Smith, LeBron James, Mike Miller, Timofey Mozgov",5,24,20,24,23,720,769,0,3,-3,49
"41400403","GSW","Andre Iguodala, Festus Ezeli, Harrison Barnes, Leandro Barbosa, Shaun Livingston",5,20,24,23,24,720,769,3,0,3,49
"41400403","CLE","JR Smith, LeBron James, Mike Miller, Timofey Mozgov, Tristan Thompson",6,24,23,31,28,769,974,7,5,2,205
"41400403","GSW","Andre Iguodala, Draymond Green, Festus Ezeli, Leandro Barbosa, Shaun Livingston",6,23,24,26,31,769,877,3,7,-4,108
"41400403","CLE","JR Smith, LeBron James, Matthew Dellavedova, Timofey Mozgov, Tristan Thompson",7,31,28,35,31,974,1109,4,3,1,135
"41400403","GSW","Andre Iguodala, Andrew Bogut, Draymond Green, Leandro Barbosa, Shaun Livingston",7,26,31,26,31,877,877,0,0,0,0
"41400403","CLE","Iman Shumpert, LeBron James, Matthew Dellavedova, Timofey Mozgov, Tristan Thompson",8,35,31,38,34,1109,1208,3,3,0,99
"41400403","GSW","Andre Iguodala, Andrew Bogut, Draymond Green, Klay Thompson, Shaun Livingston",8,26,31,28,31,877,974,2,0,2,97
"41400403","CLE","Iman Shumpert, JR Smith, LeBron James, Matthew Dellavedova, Tristan Thompson",9,38,34,41,37,1208,1425,3,3,0,217
"41400403","GSW","Andre Iguodala, Andrew Bogut, Draymond Green, Klay Thompson, Stephen Curry",9,28,31,31,35,974,1109,3,4,-1,135
"41400403","CLE","Iman Shumpert, James Jones, JR Smith, LeBron James, Matthew Dellavedova",10,41,37,44,37,1425,1440,3,0,3,15
"41400403","GSW","Andre Iguodala, David Lee, Draymond Green, Klay Thompson, Stephen Curry",10,31,35,35,40,1109,1276,4,5,-1,167
"41400403","CLE","Iman Shumpert, LeBron James, Matthew Dellavedova, Timofey Mozgov, Tristan Thompson",11,44,37,59,48,1440,1831,15,11,4,391
"41400403","GSW","Andre Iguodala, David Lee, Festus Ezeli, Klay Thompson, Stephen Curry",11,35,40,35,40,1276,1276,0,0,0,0
"41400403","CLE","JR Smith, LeBron James, Matthew Dellavedova, Timofey Mozgov, Tristan Thompson",12,59,48,68,51,1831,2023,9,3,6,192
"41400403","GSW","Andre Iguodala, Festus Ezeli, Harrison Barnes, Klay Thompson, Stephen Curry",12,35,40,37,41,1276,1425,2,1,1,149
"41400403","CLE","James Jones, JR Smith, LeBron James, Timofey Mozgov, Tristan Thompson",13,68,51,68,51,2023,2023,0,0,0,0
"41400403","GSW","Andre Iguodala, Festus Ezeli, Harrison Barnes, Shaun Livingston, Stephen Curry",13,37,41,37,44,1425,1440,0,3,-3,15
"41400403","CLE","Iman Shumpert, James Jones, JR Smith, LeBron James, Tristan Thompson",14,68,51,72,55,2023,2160,4,4,0,137
"41400403","GSW","Andrew Bogut, Draymond Green, Harrison Barnes, Klay Thompson, Stephen Curry",14,37,44,48,59,1440,1831,11,15,-4,391
"41400403","CLE","Iman Shumpert, James Jones, JR Smith, Matthew Dellavedova, Timofey Mozgov",15,72,55,72,57,2160,2223,0,2,-2,63
"41400403","GSW","Andre Iguodala, Andrew Bogut, Harrison Barnes, Klay Thompson, Stephen Curry",15,48,59,48,61,1831,1879,0,2,-2,48
"41400403","CLE","Iman Shumpert, James Jones, JR Smith, LeBron James, Timofey Mozgov",16,72,57,74,66,2223,2321,2,9,-7,98
"41400403","GSW","Andre Iguodala, Andrew Bogut, Klay Thompson, Shaun Livingston, Stephen Curry",16,48,61,48,61,1879,1879,0,0,0,0
"41400403","CLE","Iman Shumpert, James Jones, JR Smith, LeBron James, Tristan Thompson",17,74,66,74,66,2321,2330,0,0,0,9
"41400403","GSW","Andre Iguodala, Festus Ezeli, Klay Thompson, Shaun Livingston, Stephen Curry",17,48,61,51,68,1879,2023,3,7,-4,144
"41400403","CLE","Iman Shumpert, JR Smith, LeBron James, Matthew Dellavedova, Tristan Thompson",18,74,66,81,76,2330,2649,7,10,-3,319
"41400403","GSW","Andre Iguodala, Festus Ezeli, Leandro Barbosa, Shaun Livingston, Stephen Curry",18,51,68,55,72,2023,2160,4,4,0,137
"41400403","CLE","JR Smith, LeBron James, Matthew Dellavedova, Timofey Mozgov, Tristan Thompson",19,81,76,84,80,2649,2733,3,4,-1,84
"41400403","GSW","Andre Iguodala, David Lee, Klay Thompson, Leandro Barbosa, Stephen Curry",19,55,72,74,79,2160,2502,19,7,12,342
"41400403","CLE","Iman Shumpert, LeBron James, Matthew Dellavedova, Timofey Mozgov, Tristan Thompson",20,84,80,92,88,2733,2853,8,8,0,120
"41400403","GSW","Andre Iguodala, David Lee, Draymond Green, Klay Thompson, Stephen Curry",20,74,79,76,79,2502,2562,2,0,2,60
"41400403","CLE","Iman Shumpert, LeBron James, Matthew Dellavedova, Mike Miller, Timofey Mozgov",21,92,88,92,88,2853,2853,0,0,0,0
"41400403","GSW","Andre Iguodala, Draymond Green, Festus Ezeli, Klay Thompson, Stephen Curry",21,76,79,76,81,2562,2649,0,2,-2,87
"41400403","CLE","Iman Shumpert, James Jones, LeBron James, Matthew Dellavedova, Mike Miller",22,92,88,92,88,2853,2853,0,0,0,0
"41400403","GSW","Andre Iguodala, David Lee, Draymond Green, Klay Thompson, Stephen Curry",22,76,81,88,92,2649,2853,12,11,1,204
"41400403","CLE","James Jones, JR Smith, LeBron James, Matthew Dellavedova, Mike Miller",23,92,88,94,88,2853,2853,2,0,2,0
"41400403","GSW","Andre Iguodala, Draymond Green, Harrison Barnes, Klay Thompson, Stephen Curry",23,88,92,88,94,2853,2853,0,2,-2,0
"41400403","CLE","Iman Shumpert, James Jones, LeBron James, Matthew Dellavedova, Mike Miller",24,94,88,94,88,2853,2853,0,0,0,0
"41400403","GSW","Andre Iguodala, David Lee, Draymond Green, Klay Thompson, Stephen Curry",24,88,94,91,94,2853,2862,3,0,3,9
"41400403","CLE","Iman Shumpert, LeBron James, Matthew Dellavedova, Mike Miller, Tristan Thompson",25,94,88,94,88,2853,2853,0,0,0,0
"41400403","GSW","Andre Iguodala, Draymond Green, Harrison Barnes, Klay Thompson, Stephen Curry",25,91,94,91,96,2862,2864,0,2,-2,2
"41400403","CLE","Iman Shumpert, LeBron James, Matthew Dellavedova, Timofey Mozgov, Tristan Thompson",26,94,88,94,91,2853,2862,0,3,-3,9
"41400403","GSW","Andre Iguodala, David Lee, Draymond Green, Klay Thompson, Stephen Curry",26,91,96,91,96,2864,2880,0,0,0,16
"41400403","CLE","Iman Shumpert, LeBron James, Matthew Dellavedova, Mike Miller, Timofey Mozgov",27,94,91,94,91,2862,2862,0,0,0,0
"41400403","CLE","Iman Shumpert, James Jones, LeBron James, Matthew Dellavedova, Mike Miller",28,94,91,94,91,2862,2862,0,0,0,0
"41400403","CLE","James Jones, JR Smith, LeBron James, Matthew Dellavedova, Mike Miller",29,94,91,96,91,2862,2864,2,0,2,2
"41400403","CLE","JR Smith, LeBron James, Matthew Dellavedova, Mike Miller, Tristan Thompson",30,96,91,96,91,2864,2864,0,0,0,0
"41400403","CLE","Iman Shumpert, JR Smith, LeBron James, Matthew Dellavedova, Tristan Thompson",31,96,91,96,91,2864,2880,0,0,0,16
"41400404","CLE","Iman Shumpert, LeBron James, Matthew Dellavedova, Timofey Mozgov, Tristan Thompson",0,0,0,16,12,0,301,16,12,4,301
"41400404","GSW","Andre Iguodala, Draymond Green, Harrison Barnes, Klay Thompson, Stephen Curry",0,0,0,22,20,0,483,22,20,2,483
"41400404","CLE","Iman Shumpert, JR Smith, LeBron James, Timofey Mozgov, Tristan Thompson",1,16,12,20,22,301,483,4,10,-6,182
"41400404","GSW","Andre Iguodala, David Lee, Harrison Barnes, Klay Thompson, Stephen Curry",1,22,20,24,22,483,583,2,2,0,100
"41400404","CLE","Iman Shumpert, James Jones, JR Smith, LeBron James, Tristan Thompson",2,20,22,20,22,483,483,0,0,0,0
"41400404","GSW","Andre Iguodala, David Lee, Harrison Barnes, Shaun Livingston, Stephen Curry",2,24,22,31,24,583,720,7,2,5,137
"41400404","CLE","James Jones, JR Smith, LeBron James, Matthew Dellavedova, Tristan Thompson",3,20,22,24,31,483,720,4,9,-5,237
"41400404","GSW","David Lee, Harrison Barnes, Klay Thompson, Leandro Barbosa, Shaun Livingston",3,31,24,35,28,720,851,4,4,0,131
"41400404","CLE","Iman Shumpert, James Jones, JR Smith, Matthew Dellavedova, Timofey Mozgov",4,24,31,28,35,720,851,4,4,0,131
"41400404","GSW","Draymond Green, Harrison Barnes, Klay Thompson, Leandro Barbosa, Shaun Livingston",4,35,28,35,28,851,860,0,0,0,9
"41400404","CLE","Iman Shumpert, JR Smith, LeBron James, Matthew Dellavedova, Timofey Mozgov",5,28,35,28,35,851,851,0,0,0,0
"41400404","GSW","Andre Iguodala, Draymond Green, Klay Thompson, Leandro Barbosa, Shaun Livingston",5,35,28,38,30,860,951,3,2,1,91
"41400404","CLE","Iman Shumpert, JR Smith, LeBron James, Matthew Dellavedova, Tristan Thompson",6,28,35,30,41,851,1029,2,6,-4,178
"41400404","GSW","Andre Iguodala, Draymond Green, Klay Thompson, Shaun Livingston, Stephen Curry",6,38,30,41,30,951,1029,3,0,3,78
"41400404","CLE","Iman Shumpert, LeBron James, Matthew Dellavedova, Timofey Mozgov, Tristan Thompson",7,30,41,33,44,1029,1167,3,3,0,138
"41400404","GSW","Andre Iguodala, Draymond Green, Harrison Barnes, Klay Thompson, Stephen Curry",7,41,30,44,32,1029,1098,3,2,1,69
"41400404","CLE","Iman Shumpert, JR Smith, LeBron James, Timofey Mozgov, Tristan Thompson",8,33,44,40,51,1167,1382,7,7,0,215
"41400404","GSW","Andre Iguodala, Andrew Bogut, Draymond Green, Klay Thompson, Stephen Curry",8,44,32,48,36,1098,1264,4,4,0,166
"41400404","CLE","Iman Shumpert, James Jones, JR Smith, LeBron James, Tristan Thompson",9,40,51,40,52,1382,1405,0,1,-1,23
"41400404","GSW","Andre Iguodala, David Lee, Draymond Green, Klay Thompson, Stephen Curry",9,48,36,51,40,1264,1382,3,4,-1,118
"41400404","CLE","Iman Shumpert, James Jones, LeBron James, Matthew Dellavedova, Tristan Thompson",10,40,52,42,54,1405,1440,2,2,0,35
"41400404","GSW","Andre Iguodala, Draymond Green, Harrison Barnes, Klay Thompson, Stephen Curry",10,51,40,52,40,1382,1405,1,0,1,23
"41400404","CLE","Iman Shumpert, LeBron James, Matthew Dellavedova, Timofey Mozgov, Tristan Thompson",11,42,54,50,61,1440,1586,8,7,1,146
"41400404","GSW","Andre Iguodala, Draymond Green, Klay Thompson, Shaun Livingston, Stephen Curry",11,52,40,54,42,1405,1440,2,2,0,35
"41400404","CLE","Iman Shumpert, JR Smith, LeBron James, Timofey Mozgov, Tristan Thompson",12,50,61,54,63,1586,1667,4,2,2,81
"41400404","GSW","Andre Iguodala, Draymond Green, Harrison Barnes, Klay Thompson, Stephen Curry",12,54,42,63,56,1440,1727,9,14,-5,287
"41400404","CLE","Iman Shumpert, LeBron James, Matthew Dellavedova, Timofey Mozgov, Tristan Thompson",13,54,63,67,73,1667,2071,13,10,3,404
"41400404","GSW","Andre Iguodala, David Lee, Harrison Barnes, Klay Thompson, Stephen Curry",13,63,56,69,64,1727,1891,6,8,-2,164
"41400404","CLE","Iman Shumpert, James Jones, LeBron James, Matthew Dellavedova, Tristan Thompson",14,67,73,70,76,2071,2160,3,3,0,89
"41400404","GSW","Andre Iguodala, David Lee, Harrison Barnes, Shaun Livingston, Stephen Curry",14,69,64,69,65,1891,1979,0,1,-1,88
"41400404","CLE","Iman Shumpert, James Jones, JR Smith, Matthew Dellavedova, Tristan Thompson",15,70,76,70,80,2160,2268,0,4,-4,108
"41400404","GSW","Andre Iguodala, Draymond Green, Harrison Barnes, Shaun Livingston, Stephen Curry",15,69,65,76,70,1979,2160,7,5,2,181
"41400404","CLE","Iman Shumpert, James Jones, JR Smith, LeBron James, Tristan Thompson",16,70,80,70,80,2268,2282,0,0,0,14
"41400404","GSW","Draymond Green, Harrison Barnes, Klay Thompson, Shaun Livingston, Stephen Curry",16,76,70,78,70,2160,2244,2,0,2,84
"41400404","CLE","Iman Shumpert, James Jones, JR Smith, LeBron James, Timofey Mozgov",17,70,80,74,85,2282,2416,4,5,-1,134
"41400404","GSW","David Lee, Harrison Barnes, Klay Thompson, Shaun Livingston, Stephen Curry",17,78,70,80,70,2244,2268,2,0,2,24
"41400404","CLE","James Jones, JR Smith, LeBron James, Matthew Dellavedova, Timofey Mozgov",18,74,85,74,85,2416,2416,0,0,0,0
"41400404","GSW","Draymond Green, Harrison Barnes, Klay Thompson, Shaun Livingston, Stephen Curry",18,80,70,85,74,2268,2416,5,4,1,148
"41400404","CLE","James Jones, LeBron James, Matthew Dellavedova, Timofey Mozgov, Tristan Thompson",19,74,85,77,90,2416,2529,3,5,-2,113
"41400404","GSW","Andre Iguodala, Draymond Green, Klay Thompson, Shaun Livingston, Stephen Curry",19,85,74,88,75,2416,2449,3,1,2,33
"41400404","CLE","James Jones, JR Smith, LeBron James, Timofey Mozgov, Tristan Thompson",20,77,90,77,90,2529,2529,0,0,0,0
"41400404","GSW","Andre Iguodala, David Lee, Klay Thompson, Shaun Livingston, Stephen Curry",20,88,75,93,79,2449,2616,5,4,1,167
"41400404","CLE","Iman Shumpert, JR Smith, LeBron James, Timofey Mozgov, Tristan Thompson",21,77,90,79,93,2529,2570,2,3,-1,41
"41400404","GSW","Andre Iguodala, Draymond Green, Klay Thompson, Shaun Livingston, Stephen Curry",21,93,79,98,79,2616,2694,5,0,5,78
"41400404","CLE","Iman Shumpert, JR Smith, LeBron James, Matthew Dellavedova, Timofey Mozgov",22,79,93,79,98,2570,2694,0,5,-5,124
"41400404","GSW","Andre Iguodala, Draymond Green, Klay Thompson, Leandro Barbosa, Shaun Livingston",22,98,79,100,79,2694,2752,2,0,2,58
"41400404","CLE","Iman Shumpert, James Jones, JR Smith, Matthew Dellavedova, Timofey Mozgov",23,79,98,79,98,2694,2694,0,0,0,0
"41400404","GSW","Draymond Green, Klay Thompson, Leandro Barbosa, Marreese Speights, Shaun Livingston",23,100,79,100,79,2752,2752,0,0,0,0
"41400404","CLE","Iman Shumpert, James Jones, JR Smith, Kendrick Perkins, Matthew Dellavedova",24,79,98,79,98,2694,2694,0,0,0,0
"41400404","GSW","Justin Holiday, Klay Thompson, Leandro Barbosa, Marreese Speights, Shaun Livingston",24,100,79,100,79,2752,2752,0,0,0,0
"41400404","CLE","James Jones, Joe Harris, JR Smith, Kendrick Perkins, Matthew Dellavedova",25,79,98,79,98,2694,2694,0,0,0,0
"41400404","GSW","Harrison Barnes, Justin Holiday, Leandro Barbosa, Marreese Speights, Shaun Livingston",25,100,79,102,80,2752,2808,2,1,1,56
"41400404","CLE","James Jones, Joe Harris, JR Smith, Kendrick Perkins, Mike Miller",26,79,98,82,103,2694,2880,3,5,-2,186
"41400404","GSW","James Michael McAdoo, Justin Holiday, Leandro Barbosa, Marreese Speights, Shaun Livingston",26,102,80,103,82,2808,2880,1,2,-1,72
"41400405","CLE","Iman Shumpert, LeBron James, Matthew Dellavedova, Timofey Mozgov, Tristan Thompson",0,0,0,2,8,0,291,2,8,-6,291
"41400405","GSW","Andre Iguodala, Draymond Green, Harrison Barnes, Klay Thompson, Stephen Curry",0,0,0,10,7,0,386,10,7,3,386
"41400405","CLE","Iman Shumpert, JR Smith, LeBron James, Matthew Dellavedova, Tristan Thompson",1,2,8,11,16,291,500,9,8,1,209
"41400405","GSW","Andre Iguodala, Draymond Green, Klay Thompson, Shaun Livingston, Stephen Curry",1,10,7,16,14,386,525,6,7,-1,139
"41400405","CLE","Iman Shumpert, James Jones, JR Smith, LeBron James, Matthew Dellavedova",2,11,16,19,21,500,608,8,5,3,108
"41400405","GSW","Andre Iguodala, Draymond Green, Leandro Barbosa, Shaun Livingston, Stephen Curry",2,16,14,21,19,525,630,5,5,0,105
"41400405","CLE","Iman Shumpert, James Jones, JR Smith, LeBron James, Mike Miller",3,19,21,22,22,608,694,3,1,2,86
"41400405","GSW","Draymond Green, Harrison Barnes, Leandro Barbosa, Shaun Livingston, Stephen Curry",3,21,19,22,22,630,694,1,3,-2,64
"41400405","CLE","Iman Shumpert, James Jones, JR Smith, Mike Miller, Tristan Thompson",4,22,22,22,22,694,720,0,0,0,26
"41400405","GSW","Draymond Green, Harrison Barnes, Klay Thompson, Shaun Livingston, Stephen Curry",4,22,22,22,22,694,720,0,0,0,26
"41400405","CLE","James Jones, JR Smith, LeBron James, Mike Miller, Tristan Thompson",5,22,22,33,28,720,916,11,6,5,196
"41400405","GSW","David Lee, Harrison Barnes, Klay Thompson, Leandro Barbosa, Shaun Livingston",5,22,22,22,25,720,790,0,3,-3,70
"41400405","CLE","James Jones, JR Smith, LeBron James, Matthew Dellavedova, Tristan Thompson",6,33,28,33,30,916,954,0,2,-2,38
"41400405","GSW","Andre Iguodala, David Lee, Klay Thompson, Leandro Barbosa, Shaun Livingston",6,22,25,28,33,790,916,6,8,-2,126
"41400405","CLE","Iman Shumpert, JR Smith, LeBron James, Matthew Dellavedova, Tristan Thompson",7,33,30,42,41,954,1210,9,11,-2,256
"41400405","GSW","Andre Iguodala, David Lee, Klay Thompson, Shaun Livingston, Stephen Curry",7,28,33,30,37,916,1022,2,4,-2,106
"41400405","CLE","James Jones, JR Smith, LeBron James, Matthew Dellavedova, Tristan Thompson",8,42,41,45,44,1210,1303,3,3,0,93
"41400405","GSW","Andre Iguodala, Draymond Green, Klay Thompson, Shaun Livingston, Stephen Curry",8,30,37,36,39,1022,1085,6,2,4,63
"41400405","CLE","James Jones, LeBron James, Matthew Dellavedova, Mike Miller, Tristan Thompson",9,45,44,50,51,1303,1437,5,7,-2,134
"41400405","GSW","Andre Iguodala, Draymond Green, Klay Thompson, Leandro Barbosa, Stephen Curry",9,36,39,44,43,1085,1245,8,4,4,160
"41400405","CLE","James Jones, JR Smith, LeBron James, Mike Miller, Tristan Thompson",10,50,51,50,51,1437,1440,0,0,0,3
"41400405","GSW","Andre Iguodala, David Lee, Klay Thompson, Leandro Barbosa, Stephen Curry",10,44,43,48,50,1245,1424,4,7,-3,179
"41400405","CLE","Iman Shumpert, JR Smith, LeBron James, Matthew Dellavedova, Tristan Thompson",11,50,51,61,60,1440,1806,11,9,2,366
"41400405","GSW","Andre Iguodala, Harrison Barnes, Klay Thompson, Leandro Barbosa, Stephen Curry",11,48,50,51,50,1424,1437,3,0,3,13
"41400405","CLE","Iman Shumpert, James Jones, JR Smith, LeBron James, Tristan Thompson",12,61,60,63,63,1806,1874,2,3,-1,68
"41400405","GSW","Andre Iguodala, Harrison Barnes, Klay Thompson, Shaun Livingston, Stephen Curry",12,51,50,51,50,1437,1440,0,0,0,3
"41400405","CLE","James Jones, JR Smith, LeBron James, Matthew Dellavedova, Tristan Thompson",13,63,63,65,69,1874,2052,2,6,-4,178
"41400405","GSW","Andre Iguodala, Draymond Green, Harrison Barnes, Klay Thompson, Stephen Curry",13,51,50,60,61,1440,1806,9,11,-2,366
"41400405","CLE","Iman Shumpert, James Jones, JR Smith, Matthew Dellavedova, Tristan Thompson",14,65,69,67,71,2052,2123,2,2,0,71
"41400405","GSW","Andre Iguodala, Draymond Green, Klay Thompson, Shaun Livingston, Stephen Curry",14,60,61,63,63,1806,1925,3,2,1,119
"41400405","CLE","Iman Shumpert, James Jones, JR Smith, Matthew Dellavedova, Timofey Mozgov",15,67,71,67,73,2123,2160,0,2,-2,37
"41400405","GSW","Andre Iguodala, Draymond Green, Leandro Barbosa, Shaun Livingston, Stephen Curry",15,63,63,69,65,1925,2052,6,2,4,127
"41400405","CLE","Iman Shumpert, LeBron James, Matthew Dellavedova, Mike Miller, Timofey Mozgov",16,67,73,77,79,2160,2391,10,6,4,231
"41400405","GSW","Draymond Green, Harrison Barnes, Leandro Barbosa, Shaun Livingston, Stephen Curry",16,69,65,69,66,2052,2065,0,1,-1,13
"41400405","CLE","Iman Shumpert, LeBron James, Matthew Dellavedova, Mike Miller, Tristan Thompson",17,77,79,80,85,2391,2473,3,6,-3,82
"41400405","GSW","David Lee, Harrison Barnes, Leandro Barbosa, Shaun Livingston, Stephen Curry",17,69,66,73,67,2065,2125,4,1,3,60
"41400405","CLE","Iman Shumpert, JR Smith, LeBron James, Matthew Dellavedova, Tristan Thompson",18,80,85,86,96,2473,2717,6,11,-5,244
"41400405","GSW","Festus Ezeli, Harrison Barnes, Leandro Barbosa, Shaun Livingston, Stephen Curry",18,73,67,73,67,2125,2160,0,0,0,35
"41400405","CLE","Iman Shumpert, James Jones, JR Smith, LeBron James, Matthew Dellavedova",19,86,96,89,97,2717,2746,3,1,2,29
"41400405","GSW","Andre Iguodala, Festus Ezeli, Harrison Barnes, Leandro Barbosa, Shaun Livingston",19,73,67,73,69,2160,2231,0,2,-2,71
"41400405","CLE","Iman Shumpert, JR Smith, LeBron James, Matthew Dellavedova, Tristan Thompson",20,89,97,89,102,2746,2821,0,5,-5,75
"41400405","GSW","Andre Iguodala, Festus Ezeli, Harrison Barnes, Klay Thompson, Shaun Livingston",20,73,69,75,75,2231,2317,2,6,-4,86
"41400405","CLE","Iman Shumpert, JR Smith, Matthew Dellavedova, Mike Miller, Tristan Thompson",21,89,102,91,104,2821,2880,2,2,0,59
"41400405","GSW","Andre Iguodala, Draymond Green, Harrison Barnes, Klay Thompson, Shaun Livingston",21,75,75,75,75,2317,2317,0,0,0,0
"41400405","GSW","Andre Iguodala, Draymond Green, Harrison Barnes, Klay Thompson, Stephen Curry",22,75,75,97,89,2317,2758,22,14,8,441
"41400405","GSW","Draymond Green, Harrison Barnes, Klay Thompson, Shaun Livingston, Stephen Curry",23,97,89,97,89,2758,2762,0,0,0,4
"41400405","GSW","Andre Iguodala, Draymond Green, Harrison Barnes, Klay Thompson, Stephen Curry",24,97,89,102,89,2762,2821,5,0,5,59
"41400405","GSW","Draymond Green, Harrison Barnes, Klay Thompson, Shaun Livingston, Stephen Curry",25,102,89,104,91,2821,2880,2,2,0,59
"41400406","CLE","Iman Shumpert, LeBron James, Matthew Dellavedova, Timofey Mozgov, Tristan Thompson",0,0,0,8,6,0,301,8,6,2,301
"41400406","GSW","Andre Iguodala, Draymond Green, Harrison Barnes, Klay Thompson, Stephen Curry",0,0,0,15,11,0,503,15,11,4,503
"41400406","CLE","Iman Shumpert, JR Smith, LeBron James, Timofey Mozgov, Tristan Thompson",1,8,6,11,15,301,503,3,9,-6,202
"41400406","GSW","Andre Iguodala, Draymond Green, Harrison Barnes, Shaun Livingston, Stephen Curry",1,15,11,23,15,503,618,8,4,4,115
"41400406","CLE","JR Smith, LeBron James, Matthew Dellavedova, Timofey Mozgov, Tristan Thompson",2,11,15,15,23,503,618,4,8,-4,115
"41400406","GSW","Andre Iguodala, Festus Ezeli, Harrison Barnes, Shaun Livingston, Stephen Curry",2,23,15,23,15,618,653,0,0,0,35
"41400406","CLE","James Jones, JR Smith, LeBron James, Matthew Dellavedova, Tristan Thompson",3,15,23,15,23,618,653,0,0,0,35
"41400406","GSW","Festus Ezeli, Harrison Barnes, Leandro Barbosa, Shaun Livingston, Stephen Curry",3,23,15,28,15,653,720,5,0,5,67
"41400406","CLE","Iman Shumpert, James Jones, JR Smith, Matthew Dellavedova, Tristan Thompson",4,15,23,15,28,653,720,0,5,-5,67
"41400406","GSW","Festus Ezeli, Harrison Barnes, Klay Thompson, Leandro Barbosa, Shaun Livingston",4,28,15,31,22,720,848,3,7,-4,128
"41400406","CLE","Iman Shumpert, James Jones, JR Smith, LeBron James, Timofey Mozgov",5,15,28,24,31,720,904,9,3,6,184
"41400406","GSW","Festus Ezeli, Harrison Barnes, Leandro Barbosa, Shaun Livingston, Stephen Curry",5,31,22,31,24,848,904,0,2,-2,56
"41400406","CLE","Iman Shumpert, James Jones, LeBron James, Timofey Mozgov, Tristan Thompson",6,24,31,33,39,904,1193,9,8,1,289
"41400406","GSW","Andre Iguodala, Festus Ezeli, Leandro Barbosa, Shaun Livingston, Stephen Curry",6,31,24,31,24,904,904,0,0,0,0
"41400406","CLE","Iman Shumpert, LeBron James, Matthew Dellavedova, Timofey Mozgov, Tristan Thompson",7,33,39,33,39,1193,1200,0,0,0,7
"41400406","GSW","Andre Iguodala, Draymond Green, Leandro Barbosa, Shaun Livingston, Stephen Curry",7,31,24,31,24,904,944,0,0,0,40
"41400406","CLE","JR Smith, LeBron James, Matthew Dellavedova, Timofey Mozgov, Tristan Thompson",8,33,39,33,39,1200,1223,0,0,0,23
"41400406","GSW","Andre Iguodala, Draymond Green, Harrison Barnes, Leandro Barbosa, Stephen Curry",8,31,24,32,27,944,1044,1,3,-2,100
"41400406","CLE","James Jones, JR Smith, LeBron James, Matthew Dellavedova, Tristan Thompson",9,33,39,43,45,1223,1440,10,6,4,217
"41400406","GSW","Andre Iguodala, Draymond Green, Harrison Barnes, Shaun Livingston, Stephen Curry",9,32,27,39,33,1044,1223,7,6,1,179
"41400406","CLE","Iman Shumpert, LeBron James, Matthew Dellavedova, Timofey Mozgov, Tristan Thompson",10,43,45,47,53,1440,1667,4,8,-4,227
"41400406","GSW","David Lee, Draymond Green, Harrison Barnes, Shaun Livingston, Stephen Curry",10,39,33,41,33,1223,1237,2,0,2,14
"41400406","CLE","Iman Shumpert, JR Smith, LeBron James, Matthew Dellavedova, Tristan Thompson",11,47,53,47,53,1667,1667,0,0,0,0
"41400406","GSW","David Lee, Harrison Barnes, Leandro Barbosa, Shaun Livingston, Stephen Curry",11,41,33,43,35,1237,1296,2,2,0,59
"41400406","CLE","James Jones, JR Smith, LeBron James, Matthew Dellavedova, Tristan Thompson",12,47,53,51,61,1667,1849,4,8,-4,182
"41400406","GSW","Draymond Green, Harrison Barnes, Leandro Barbosa, Shaun Livingston, Stephen Curry",12,43,35,45,43,1296,1440,2,8,-6,144
"41400406","CLE","Iman Shumpert, James Jones, JR Smith, LeBron James, Tristan Thompson",13,51,61,51,61,1849,1849,0,0,0,0
"41400406","GSW","Andre Iguodala, Draymond Green, Harrison Barnes, Klay Thompson, Stephen Curry",13,45,43,56,51,1440,1778,11,8,3,338
"41400406","CLE","Iman Shumpert, JR Smith, LeBron James, Timofey Mozgov, Tristan Thompson",14,51,61,57,69,1849,2003,6,8,-2,154
"41400406","GSW","Andre Iguodala, Draymond Green, Harrison Barnes, Shaun Livingston, Stephen Curry",14,56,51,57,51,1778,1790,1,0,1,12
"41400406","CLE","Iman Shumpert, James Jones, JR Smith, LeBron James, Timofey Mozgov",15,57,69,59,73,2003,2113,2,4,-2,110
"41400406","GSW","Andre Iguodala, Draymond Green, Festus Ezeli, Shaun Livingston, Stephen Curry",15,57,51,71,58,1790,2068,14,7,7,278
"41400406","CLE","James Jones, JR Smith, LeBron James, Matthew Dellavedova, Timofey Mozgov",16,59,73,62,75,2113,2202,3,2,1,89
"41400406","GSW","Andre Iguodala, Draymond Green, Festus Ezeli, Leandro Barbosa, Shaun Livingston",16,71,58,73,59,2068,2113,2,1,1,45
"41400406","CLE","Iman Shumpert, James Jones, JR Smith, LeBron James, Timofey Mozgov",17,62,75,75,86,2202,2452,13,11,2,250
"41400406","GSW","Andre Iguodala, Festus Ezeli, Harrison Barnes, Leandro Barbosa, Shaun Livingston",17,73,59,73,59,2113,2113,0,0,0,0
"41400406","CLE","Iman Shumpert, James Jones, JR Smith, LeBron James, Tristan Thompson",18,75,86,81,94,2452,2612,6,8,-2,160
"41400406","GSW","Festus Ezeli, Harrison Barnes, Klay Thompson, Leandro Barbosa, Shaun Livingston",18,73,59,73,61,2113,2160,0,2,-2,47
"41400406","CLE","Iman Shumpert, JR Smith, LeBron James, Matthew Dellavedova, Tristan Thompson",19,81,94,89,100,2612,2819,8,6,2,207
"41400406","GSW","Draymond Green, Harrison Barnes, Klay Thompson, Leandro Barbosa, Shaun Livingston",19,73,61,75,64,2160,2234,2,3,-1,74
"41400406","CLE","James Jones, JR Smith, LeBron James, Matthew Dellavedova, Tristan Thompson",20,89,100,97,105,2819,2870,8,5,3,51
"41400406","GSW","Draymond Green, Harrison Barnes, Klay Thompson, Shaun Livingston, Stephen Curry",20,75,64,75,64,2234,2234,0,0,0,0
"41400406","CLE","James Jones, JR Smith, LeBron James, Mike Miller, Tristan Thompson",21,97,105,97,105,2870,2870,0,0,0,0
"41400406","GSW","Andre Iguodala, Draymond Green, Klay Thompson, Shaun Livingston, Stephen Curry",21,75,64,94,81,2234,2624,19,17,2,390
"41400406","CLE","James Jones, Joe Harris, JR Smith, Mike Miller, Tristan Thompson",22,97,105,97,105,2870,2880,0,0,0,10
"41400406","GSW","Andre Iguodala, Draymond Green, Harrison Barnes, Shaun Livingston, Stephen Curry",22,94,81,94,83,2624,2660,0,2,-2,36
"41400406","GSW","Draymond Green, Harrison Barnes, Leandro Barbosa, Shaun Livingston, Stephen Curry",23,94,83,98,85,2660,2770,4,2,2,110
"41400406","GSW","Andre Iguodala, Draymond Green, Harrison Barnes, Shaun Livingston, Stephen Curry",24,98,85,105,97,2770,2880,7,12,-5,110
